Ne.
1
1 2
Ano.
Ne.
2
2 6
1 0
Ano.
Ne.
1
0 7
Ne.
9
19 5
8 33
27 4
25 13
12 20
34 36
3 2
15 16
17 28
Ne.
7
22 23
2 6
4 9
15 5
8 16
14 17
21 3
Ne.
4
11 8
10 9
12 7
6 3
Ne.
7
11 0
8 22
19 4
23 13
12 7
9 18
16 17
Ne.
5
7 8
4 3
10 0
2 1
5 6
Ne.
22
75 79
6 10
14 12
58 4
76 78
26 56
16 27
50 35
9 62
65 68
73 63
0 39
38 77
7 2
83 80
17 18
8 5
34 13
15 82
11 55
28 72
23 41
Ne.
20
78 76
77 52
8 58
27 40
81 45
61 17
79 30
73 71
46 23
35 20
85 83
2 4
38 10
74 15
47 16
0 37
5 49
39 22
21 55
31 12
Ne.
16
50 24
15 49
1 60
18 19
0 7
63 45
40 28
6 23
2 4
59 54
31 53
11 33
22 44
55 14
10 38
58 34
Ne.
13
15 4
43 54
35 28
16 42
20 12
52 32
0 46
11 3
57 45
9 5
44 17
41 55
47 53
Ne.
17
51 0
65 49
22 26
41 17
68 31
59 18
53 15
23 6
39 7
75 5
43 14
40 30
62 13
70 67
32 19
54 78
66 21
Ne.
41
75 145
38 113
98 106
58 39
95 94
133 127
102 20
114 149
71 97
60 82
25 99
41 57
125 115
100 17
73 93
96 52
53 68
46 116
78 132
124 89
122 70
121 139
86 27
136 65
8 103
150 61
130 64
42 22
85 108
32 142
107 119
13 141
101 10
36 87
6 105
81 15
148 134
63 138
45 129
74 28
24 19
Ne.
33
0 83
9 111
30 3
6 124
66 42
19 99
65 55
94 132
113 53
84 130
24 115
62 129
20 72
74 141
76 75
36 61
13 11
73 27
96 69
122 71
68 105
51 110
89 107
25 43
88 109
137 4
91 80
85 81
86 54
106 133
98 17
49 8
120 123
Ne.
53
133 139
35 75
53 151
22 36
142 89
50 16
162 171
27 40
32 182
148 176
80 29
110 48
140 28
18 156
192 129
99 164
136 21
107 46
160 45
66 70
103 149
0 174
195 196
112 33
60 119
122 177
26 117
150 78
114 163
44 58
104 147
128 178
96 64
161 31
105 34
155 81
184 15
181 87
2 166
71 77
186 17
6 109
146 190
72 63
61 130
88 143
111 43
91 57
4 141
3 115
42 175
14 47
97 10
Ne.
32
22 104
1 5
28 110
9 37
7 77
72 30
89 86
96 34
76 99
69 121
50 68
17 62
36 2
21 52
63 45
100 20
23 93
13 12
97 8
10 56
81 116
38 15
74 40
107 78
73 103
118 24
112 6
113 39
57 4
79 41
94 66
101 120
Ne.
34
72 102
154 104
62 111
29 131
127 45
22 139
42 52
24 113
51 5
122 138
123 41
96 90
119 27
121 59
13 44
106 68
144 57
73 67
30 105
92 3
18 152
11 32
47 110
76 87
26 37
117 49
129 115
137 89
149 2
31 63
114 80
61 34
75 112
70 95
Ne.
93
229 335
266 320
89 332
186 346
150 160
220 350
72 51
258 121
148 368
43 115
283 214
146 116
159 61
334 25
18 362
93 125
45 288
253 4
247 273
291 90
190 329
110 39
299 268
342 212
154 133
163 101
40 195
304 318
206 48
92 177
189 126
360 295
211 147
280 170
270 82
111 167
205 76
275 124
36 240
345 311
8 138
172 238
198 179
290 337
11 161
63 15
315 279
310 340
96 271
70 196
330 145
135 91
314 155
42 252
276 106
114 274
286 103
136 278
187 353
127 272
323 181
243 242
222 32
54 23
81 113
248 202
241 246
30 28
215 300
26 263
239 99
256 57
165 237
137 227
153 327
123 216
0 164
119 293
52 158
27 228
83 302
168 7
204 250
351 71
358 319
149 20
166 141
59 73
173 226
65 367
142 130
201 254
194 208
Ne.
121
428 10
436 300
205 86
36 178
287 62
487 233
60 171
286 470
288 24
333 275
396 406
418 29
422 32
189 254
429 272
332 361
211 344
20 38
218 93
118 420
181 431
357 301
299 160
293 477
448 84
16 242
246 411
202 342
353 452
39 204
479 27
351 381
427 140
423 400
432 52
55 366
234 324
258 266
343 58
405 235
184 416
240 85
295 162
135 408
56 173
475 323
341 105
115 220
457 454
152 130
375 319
334 438
446 172
424 63
340 33
264 467
168 471
302 37
380 206
444 339
410 350
313 163
297 379
203 439
312 82
213 315
370 100
273 484
125 421
11 114
94 376
480 88
390 92
12 227
372 331
298 6
328 23
243 409
187 414
474 134
346 34
327 247
200 276
199 489
225 201
335 131
51 81
143 320
443 440
165 415
177 4
18 435
216 228
74 122
212 191
75 217
310 207
321 305
30 35
412 434
482 358
311 188
399 249
145 109
42 78
149 87
79 281
31 407
183 384
223 401
1 222
359 469
71 244
99 386
363 325
255 284
277 463
268 169
153 472
126 69
95 336
Ne.
68
158 251
77 155
16 116
64 62
252 151
41 160
35 204
221 112
71 45
173 37
121 202
23 195
100 124
243 18
94 107
8 150
166 38
92 110
248 58
12 271
98 184
137 179
143 153
132 103
149 78
138 66
231 5
139 182
235 212
43 51
236 142
156 187
240 4
74 230
164 265
268 54
264 165
210 249
73 95
60 255
27 233
89 81
237 96
86 3
192 19
250 44
135 9
120 47
7 213
84 70
267 63
147 82
79 14
224 246
55 208
194 220
119 154
227 85
133 256
174 172
111 32
219 229
218 105
274 104
108 259
222 225
183 53
190 161
Ne.
74
127 282
230 144
208 199
261 20
55 157
241 178
289 161
136 185
142 10
283 81
141 253
268 196
125 124
91 252
86 195
257 219
175 249
79 46
158 209
197 19
31 27
108 223
16 281
210 205
207 216
90 77
106 202
266 151
75 278
22 44
138 123
126 104
172 105
69 233
245 99
149 231
173 177
267 50
139 107
164 159
6 183
78 260
48 153
9 94
155 203
222 113
166 37
61 162
276 270
115 167
137 188
189 204
168 143
130 227
146 218
18 170
263 211
30 150
101 187
234 147
8 21
240 165
29 160
224 171
154 51
102 274
109 62
184 248
95 181
232 32
45 131
66 134
152 72
47 65
Ne.
117
233 291
283 249
166 136
230 413
74 370
355 186
2 35
151 431
172 98
269 214
147 81
374 245
396 19
167 86
327 21
306 238
231 363
68 419
13 445
232 95
77 425
382 347
429 394
113 373
157 208
436 318
333 213
14 198
399 446
329 371
325 154
234 65
129 435
59 423
316 111
32 221
191 33
336 27
352 321
315 227
144 37
440 280
340 215
17 442
264 133
400 250
124 270
127 416
378 15
296 80
402 145
205 53
200 188
343 226
439 31
331 169
426 246
183 5
105 417
73 48
112 287
192 247
18 307
350 358
104 187
224 386
277 260
262 381
83 273
351 258
179 182
61 312
75 165
337 76
422 202
220 339
356 3
432 222
239 261
274 433
52 282
255 123
175 189
251 16
253 150
397 324
0 375
1 173
216 408
411 20
441 401
209 372
428 39
319 100
330 421
199 149
155 354
361 241
415 138
443 110
142 427
353 323
263 418
317 197
122 346
420 10
284 403
265 301
357 78
116 206
184 365
275 12
328 285
299 379
437 345
28 288
9 70
Ne.
204
683 189
161 282
98 460
415 614
674 643
544 304
47 278
621 389
178 226
330 695
515 396
247 16
55 587
268 270
342 332
634 260
122 324
673 640
26 533
374 93
596 403
132 594
501 216
319 535
704 256
361 267
65 665
239 89
777 263
370 75
427 99
299 81
554 458
261 526
80 66
655 650
558 626
121 741
611 127
523 426
34 593
321 308
86 488
168 352
610 108
197 649
534 706
789 540
140 164
97 43
474 149
771 39
71 318
356 312
436 636
402 407
400 147
647 717
87 702
723 104
739 537
382 224
525 22
290 21
365 638
600 275
145 787
788 581
155 91
231 605
3 477
532 103
700 160
722 187
667 720
316 307
561 714
425 740
165 139
724 758
451 524
497 293
394 635
273 619
684 335
113 521
472 380
167 234
204 366
489 215
452 286
602 339
772 6
289 541
678 419
668 100
269 742
764 317
30 784
212 778
692 729
471 14
428 468
237 202
509 480
705 439
40 236
679 24
296 242
604 715
622 354
590 417
448 62
92 251
446 338
733 786
568 514
582 685
49 303
144 334
287 63
770 624
228 563
578 284
359 383
119 550
17 266
494 416
41 386
114 131
710 73
752 358
757 331
399 320
625 504
170 363
709 453
499 2
225 503
257 205
46 442
536 151
206 368
36 148
502 726
693 519
397 687
76 658
782 573
718 642
463 8
336 158
612 566
492 259
281 617
774 562
310 719
195 128
588 306
191 184
129 615
505 96
725 518
510 457
438 690
355 545
243 688
7 391
646 190
378 345
300 213
552 390
245 405
595 691
785 560
4 506
174 734
776 682
196 15
703 10
435 579
150 185
570 632
313 385
567 433
498 13
569 67
110 666
689 686
198 732
90 353
607 384
0 478
484 780
369 294
166 598
193 517
344 671
85 591
696 60
381 163
238 252
133 746
571 279
Ne.
226
32 274
503 105
21 26
543 93
595 296
62 11
480 551
346 344
253 558
235 548
350 35
266 528
629 554
575 484
437 215
12 576
426 649
307 626
300 540
556 323
138 396
449 67
557 98
672 338
111 531
565 579
186 31
251 22
7 392
122 653
277 142
360 289
520 536
57 335
619 636
49 225
242 174
140 236
268 431
313 141
405 563
254 465
324 494
577 508
172 656
668 525
160 3
243 65
20 237
146 117
36 161
620 504
80 553
515 121
81 220
607 632
514 635
589 234
354 71
209 320
104 591
276 8
192 227
375 372
188 645
452 500
586 464
498 238
351 580
676 608
516 440
86 283
75 422
302 70
435 567
322 442
327 303
585 287
455 189
193 523
50 445
366 447
482 90
471 374
618 219
124 168
430 638
615 55
150 319
155 545
340 329
519 583
550 495
191 41
113 544
438 611
15 507
631 190
562 568
342 5
229 18
454 52
429 663
453 34
87 197
501 362
231 686
655 448
267 682
273 239
66 411
683 353
610 383
97 598
376 95
159 17
194 257
37 29
409 600
560 325
358 40
634 39
184 466
674 368
467 222
96 54
373 364
681 594
533 651
187 621
43 530
284 1
110 625
592 196
218 433
14 118
79 584
535 147
555 149
91 328
228 4
456 265
605 25
627 410
285 478
68 129
163 526
248 45
152 462
524 204
665 490
310 206
666 158
416 308
299 290
444 179
679 249
479 677
306 94
593 613
630 505
408 451
336 47
260 89
398 424
44 88
305 226
401 402
559 457
648 13
128 120
134 428
38 334
24 459
657 596
404 541
662 182
114 230
154 286
63 473
546 132
2 171
205 485
614 173
198 151
628 643
46 176
291 406
470 258
641 355
623 6
250 202
126 513
102 367
420 572
297 521
378 143
275 331
9 317
185 175
637 537
566 538
208 561
337 477
652 33
602 412
164 393
388 153
348 270
195 622
450 534
106 365
293 200
177 385
247 599
488 542
162 395
223 341
564 314
245 318
252 511
255 639
436 16
30 103
166 386
590 417
Ne.
152
134 481
107 386
325 52
172 273
60 392
450 330
35 81
549 100
153 399
440 144
469 313
1 453
76 29
198 189
277 323
219 518
431 22
200 558
220 184
131 533
72 537
67 331
286 405
32 349
452 340
520 258
393 356
191 350
7 62
39 300
135 513
51 139
339 225
309 228
524 327
79 564
177 44
127 237
466 308
293 15
298 110
111 196
531 288
195 289
163 400
495 167
94 148
478 103
432 9
438 388
104 314
126 396
474 342
422 155
501 96
351 130
502 166
404 90
375 542
374 321
71 13
256 529
523 528
525 508
363 511
208 448
536 377
171 92
145 74
280 188
427 6
8 19
556 429
382 446
168 114
113 470
246 117
491 402
505 257
390 120
278 274
391 290
224 409
12 243
352 554
294 43
245 316
186 436
187 398
302 261
296 229
178 236
407 221
322 132
63 487
361 183
332 259
251 527
190 359
479 80
105 297
305 383
503 56
465 248
53 209
477 543
197 205
252 425
443 412
307 65
395 455
498 475
509 85
417 552
372 140
3 84
211 364
517 275
555 217
560 30
5 526
41 133
174 138
462 266
510 82
146 303
397 451
66 497
420 218
362 483
40 226
271 272
499 279
449 306
353 338
541 192
240 54
269 459
42 33
484 485
93 16
222 406
137 176
519 301
354 181
324 108
550 336
461 416
454 182
250 78
4 464
206 312
Ne.
199
50 99
743 460
422 254
710 585
747 774
548 791
472 576
95 608
560 247
298 109
31 763
516 723
590 152
187 686
62 25
656 238
695 329
634 244
563 418
715 438
488 278
629 660
512 81
156 453
87 267
313 117
461 492
745 606
752 54
633 304
228 212
538 614
32 580
63 425
762 520
688 20
727 58
64 423
784 467
162 159
272 578
314 111
220 312
110 574
568 588
692 211
549 437
79 642
744 142
613 722
192 38
252 371
669 428
343 207
572 517
511 190
403 459
46 750
8 44
28 333
353 89
204 408
350 604
623 11
740 281
29 75
67 541
779 557
601 597
376 729
240 378
602 651
76 26
787 647
217 351
21 558
176 55
521 269
356 349
179 424
130 336
426 400
60 454
297 148
380 561
575 280
690 388
201 6
497 559
125 287
466 108
533 711
397 90
433 730
458 115
41 263
126 107
264 22
258 707
249 455
610 48
135 68
300 493
646 539
609 303
384 180
644 131
382 587
759 295
33 137
3 242
427 519
23 268
417 501
47 185
786 390
407 474
383 451
346 530
317 112
260 141
332 186
396 223
393 307
596 592
210 725
255 687
702 441
256 450
69 0
503 154
731 524
56 273
389 279
753 675
92 224
327 790
504 49
160 14
443 693
714 659
320 772
789 430
529 650
699 506
663 664
377 155
553 191
735 288
570 621
296 385
420 709
225 324
291 12
196 18
586 17
373 205
440 713
120 364
392 594
758 270
248 495
116 448
345 737
309 694
347 412
589 630
751 595
797 449
700 143
97 262
86 652
158 251
496 271
366 144
318 171
231 84
551 184
507 649
476 708
381 119
668 415
705 667
547 637
344 253
657 528
128 94
567 391
73 673
655 402
771 481
698 172
546 478
293 509
726 51
554 127
337 676
39 2
718 153
Ne.
156
436 252
469 33
521 412
493 435
34 359
119 522
447 470
63 142
262 249
411 483
466 265
309 394
124 137
420 415
501 375
78 417
77 255
211 118
233 421
45 408
281 482
527 203
473 528
91 28
489 539
463 240
117 597
24 51
370 398
109 160
510 87
5 583
538 295
532 43
225 377
498 549
426 531
372 454
230 559
369 550
393 557
181 579
15 573
94 125
462 50
92 410
481 503
313 460
330 254
139 29
474 65
543 312
174 301
200 210
14 351
464 602
390 27
18 495
299 101
270 434
564 570
275 226
48 105
136 175
552 439
71 427
199 267
303 488
250 163
108 343
459 382
113 592
185 437
89 44
0 381
243 520
274 512
337 145
285 9
419 168
444 246
310 555
7 304
153 355
388 366
149 64
2 576
346 170
365 82
296 516
1 187
363 268
102 201
486 307
6 321
476 176
221 155
541 438
547 114
115 599
400 416
484 98
525 158
352 568
286 209
596 195
601 164
471 518
74 327
578 383
214 103
93 20
223 349
467 344
384 431
258 511
353 326
85 553
334 335
590 31
75 306
234 57
161 603
143 212
146 565
513 79
535 324
159 8
507 432
141 302
428 357
423 485
325 308
425 12
216 218
30 237
4 277
329 23
551 238
130 534
566 80
406 367
497 340
81 458
537 526
59 292
392 144
499 380
140 556
368 298
165 491
445 287
452 414
504 591
554 177
514 385
Ne.
476
245 1167
1622 1524
1000 1403
635 1356
1371 433
595 1486
1549 85
1463 1631
123 1447
282 1291
709 1724
410 409
1497 1151
1284 1564
1066 1001
1422 1251
121 493
265 1476
915 348
217 1675
652 1762
776 1701
308 1333
1415 1585
1469 387
25 130
1225 1388
179 296
91 1840
213 1618
372 660
388 1894
1640 455
1865 1467
171 757
883 132
1230 277
579 1269
919 585
1031 4
218 1686
1851 1502
302 51
1224 465
554 1143
183 288
563 1800
362 1513
636 905
381 352
958 350
234 691
202 1716
452 1089
1721 1485
821 65
523 206
19 978
1599 192
466 531
694 1576
611 406
1258 601
163 1695
194 612
1387 916
577 912
1155 619
1076 663
1620 1837
1170 1061
1212 560
1823 74
226 1006
1743 949
881 1781
581 1563
1522 508
40 1037
1118 269
539 943
1864 1592
1679 1068
1050 1290
419 1190
363 148
488 104
1542 223
413 236
139 742
1511 1328
1336 939
1843 1193
1466 286
802 1579
1487 278
825 16
1597 1767
762 1010
402 42
319 1423
572 1805
710 141
662 1038
1794 285
1453 56
1683 1348
239 801
1350 155
842 1500
1770 1232
700 486
1245 1101
1653 862
1282 799
484 1007
1398 1308
208 848
1617 1766
926 1077
583 1057
570 1417
1110 805
1772 1581
1509 70
312 344
35 1024
186 677
1192 1381
247 1578
1 345
928 1044
1541 368
1079 238
158 1163
323 443
1420 988
219 841
1628 634
855 1147
1154 1845
1314 1626
1162 1654
884 420
768 1040
1152 1375
1108 672
441 851
1126 592
180 1051
290 1157
1413 809
1674 1234
367 1665
1775 1148
1736 1693
533 1777
1520 1214
824 392
1793 1774
122 1153
262 840
781 1425
1159 752
1830 657
1850 340
847 656
626 1233
1494 873
796 1319
463 571
946 1625
252 248
1135 604
1248 1692
1137 251
609 598
1278 1730
1635 1186
1523 414
649 24
1287 1123
1133 1028
1459 1739
1360 822
1165 1092
574 453
1300 1752
1210 193
1664 826
1322 747
343 1004
745 698
301 882
117 1477
575 986
970 938
627 93
797 817
1355 1049
1526 1852
605 177
1723 59
668 1835
1443 76
1237 1536
1174 1195
1871 1745
955 820
740 1607
351 1117
917 1479
814 39
608 1731
313 1798
1687 1573
1005 205
1587 736
1307 27
728 1806
1817 596
702 864
1682 284
1055 1740
732 449
1595 1412
941 1090
1481 153
1455 197
837 1483
892 1128
933 989
1160 1847
58 1442
62 1164
1761 378
721 1386
212 810
1235 849
942 1755
477 681
1575 1489
230 315
1373 1808
1596 1401
403 31
1582 1786
761 168
196 857
1804 320
1179 1264
973 1698
1102 972
800 1053
1681 852
259 3
138 952
1577 794
1112 1281
399 1219
71 1696
1639 1735
1194 297
1093 806
1870 83
1134 872
242 167
412 503
1032 1399
221 1792
50 126
705 924
1719 1014
1047 1535
45 1828
457 1688
41 519
618 1527
1213 1722
1717 1630
1888 641
515 1452
1789 1708
146 1877
950 1807
576 337
1437 1022
119 782
1559 502
1518 1045
300 481
1139 229
766 103
1285 600
1591 1709
1120 237
819 1352
808 959
1659 1862
1253 1275
309 1252
798 353
642 1222
492 1647
1601 442
1220 998
1397 1819
631 1378
73 164
1351 844
673 1644
1756 397
1605 1199
99 1215
1113 383
974 1419
1571 730
1642 1303
1822 198
1223 1750
505 1853
1098 1273
379 12
241 1326
1749 258
1358 1475
1812 101
1649 906
338 1539
1641 1855
1021 1238
962 326
1779 1208
1645 435
979 1728
294 983
890 1279
1036 685
1067 638
991 1181
256 55
650 789
1747 1456
711 1506
876 1872
923 925
646 1035
1590 977
67 69
235 23
431 1584
780 1396
623 628
1316 1096
1473 1712
94 1583
207 1256
1656 783
754 1065
530 1848
526 289
472 1634
1323 930
1259 373
1189 200
1171 1646
527 1652
1604 846
853 1109
143 1727
1029 106
189 1228
707 751
1416 1580
1266 559
314 1638
29 1515
897 2
722 552
1763 620
1857 405
1013 793
1043 328
90 1263
790 1609
960 240
1429 299
1627 1370
86 1288
1505 680
1883 755
1265 1362
1879 1255
1088 1329
1261 184
1364 201
1608 669
482 222
838 1726
1405 30
144 921
187 497
712 1764
1332 573
830 565
886 46
1897 1054
281 173
154 696
931 1197
1658 401
870 1209
1814 520
1427 364
1495 1400
1586 1056
421 944
1187 616
1498 953
469 34
1390 1315
1286 1178
26 549
633 697
96 586
1737 1887
975 750
891 1334
129 746
818 325
1115 1268
839 1474
909 1317
1201 674
1676 803
807 1114
1445 390
1410 1012
1838 582
220 791
850 910
1249 671
1267 1298
127 860
494 60
1121 665
1205 1062
831 181
475 322
1392 1438
1811 843
1026 1311
1741 1703
1023 1700
1280 686
1528 1270
1296 771
293 1668
332 1614
1002 349
1842 1493
1725 253
329 54
66 541
735 655
135 81
1191 726
1769 854
553 1313
640 1867
324 706
1507 1643
1173 1632
1501 1748
1119 1778
940 759
Ne.
583
945 1362
1310 712
1072 2063
1079 1848
1465 206
1538 1213
952 1159
1734 3
1637 1261
2060 1278
404 1951
1422 2274
1108 2173
1181 1218
1315 1193
1940 1769
2029 1596
1894 933
864 2220
2103 1149
520 1600
2110 1067
108 1111
560 1829
1359 2070
939 698
1704 2111
1448 648
1846 267
1078 1504
361 1541
946 491
151 1197
2213 192
1036 1063
1634 1644
2263 935
1182 1268
1179 1399
46 397
716 1355
1447 1738
1172 1854
204 1537
2269 701
1540 889
516 810
1761 139
1305 1140
2256 1046
765 2146
254 1753
545 283
1989 842
2101 781
1099 1777
1986 59
1620 196
1087 1455
932 110
327 748
93 2019
1257 1138
301 868
607 788
2112 728
459 1113
1968 591
1747 1964
1531 2133
1466 82
1684 959
808 826
1490 1838
454 1998
1805 1695
1011 1246
325 759
2094 1492
1235 905
163 2032
1870 683
1900 86
1022 1563
2153 1713
444 1186
1918 1977
140 1042
913 1451
229 155
587 711
2240 1098
1879 1503
1083 1882
1105 787
1573 677
610 9
1450 1265
1457 532
383 1691
708 600
1664 2054
2082 2238
1436 1094
1660 1456
593 1696
201 1232
1681 911
955 1464
947 2203
650 2041
956 724
1106 666
1799 858
799 721
1613 2156
1309 1055
114 812
1469 599
1852 589
1667 676
994 1202
1639 1906
227 519
13 1648
474 451
316 340
1367 346
739 1267
89 411
1831 1588
2264 1356
774 886
228 2272
200 1170
405 284
97 1529
402 1915
389 1227
1606 1189
1236 360
1990 1810
1493 1385
1293 2197
882 1719
1405 1677
1135 624
1517 371
754 2043
1152 2077
1075 584
188 527
143 940
2233 893
894 422
1640 2184
1383 2258
2284 1350
297 1625
2090 104
1819 370
2119 1513
802 1988
1615 2168
225 1391
178 469
2244 1223
1331 2222
1365 77
400 215
1323 1887
1642 756
954 302
937 1942
615 1823
1280 775
944 2140
999 1252
103 2098
1553 925
1334 118
1033 275
1571 1530
2247 233
476 1519
1880 2095
498 2013
2224 970
1655 1349
659 1130
153 1790
1066 156
274 96
380 822
551 2214
2108 330
1117 2191
1454 1248
141 2202
1697 1659
1816 313
533 1381
1237 556
658 1657
1522 2189
980 1873
1895 1057
2088 351
2058 1128
1148 1069
1872 1329
2051 1526
1705 1009
1692 390
514 374
23 1638
1386 823
1253 167
1969 1507
735 1995
1739 54
260 2293
2120 145
152 1844
88 929
387 1557
2176 1390
816 1483
839 576
1384 460
392 1200
1073 324
1789 695
1174 1229
923 518
94 2289
881 1678
884 612
1270 98
1672 563
1125 473
824 1086
919 1132
1374 1059
853 385
1412 1244
1569 569
1028 495
1487 366
2046 1131
2159 2217
137 1368
1417 668
1957 1618
417 1786
1763 566
1400 1724
42 1143
1112 248
837 1207
572 785
1987 164
1204 846
19 1943
1720 1619
1114 1591
2158 1668
681 463
464 1958
1826 190
420 1611
1127 1402
2057 1690
1922 333
354 74
1004 801
1785 2179
1020 819
1291 1314
112 1247
1216 1594
294 2181
249 1109
1566 2089
226 1788
1632 2053
873 1274
487 742
157 1863
331 2259
696 1834
1506 554
2232 241
166 874
2196 863
1845 2206
803 1328
2033 664
1303 2250
966 1243
1156 1415
1706 242
1234 1302
1545 1745
1841 546
2218 70
2190 1775
2157 344
1765 2025
102 1663
536 804
1425 574
661 278
813 986
83 2131
1772 1121
116 1967
870 1945
2007 1157
1183 159
35 318
2292 84
1398 762
1572 127
1798 1445
1912 1411
1755 438
247 1092
892 768
68 1524
1212 368
2160 1543
941 258
2074 486
1867 1780
1472 381
197 888
1896 897
2096 586
2117 1949
174 2215
185 1026
1549 1473
1740 541
529 564
1096 903
506 1420
1413 236
896 557
938 1636
744 673
2145 2268
1551 1698
1812 670
1930 403
1316 1892
355 782
263 2010
637 1750
2081 856
1859 52
1751 335
203 950
1597 1612
2286 281
623 1224
482 1343
552 17
1318 1250
1326 311
1686 1372
531 1821
789 220
428 1978
53 466
2282 594
2278 1133
796 1317
732 1587
1325 338
1064 2134
616 406
80 0
1147 1716
1047 680
758 965
798 635
1868 902
429 33
237 1992
961 1308
1273 1124
2034 1842
1561 1144
1950 2283
1631 1477
1085 292
1833 1804
1019 2124
580 2227
1438 1198
1321 16
1843 2291
1711 1041
123 134
282 1627
771 1913
502 1929
270 1931
981 1766
927 280
1335 1461
1185 2147
700 917
2169 1199
1861 1909
625 76
791 1424
901 1332
1630 1802
2186 184
343 834
131 419
1813 674
1857 833
847 40
1782 479
595 1700
1885 471
55 843
1161 162
261 2083
627 407
609 1514
2267 1653
1177 2141
478 547
1029 1676
729 1271
2 2245
1599 107
1070 191
1136 2038
27 1635
1289 895
767 2045
760 1102
2167 1982
1976 2175
1974 286
1760 1453
1828 1104
985 583
252 1550
1878 121
1376 1792
1219 439
2000 365
577 1565
2099 2265
1163 240
465 871
2144 1505
910 1742
1972 866
2118 790
862 484
1327 1165
1277 1748
1269 1283
860 64
924 1173
1855 289
740 992
1939 1934
1783 2072
611 2073
1726 61
1801 2004
752 1856
517 783
1849 130
1452 736
848 1091
1260 794
1807 1299
133 722
1593 996
1439 314
1515 2002
1339 898
1523 1581
1494 128
973 1245
1474 1322
1685 2020
1279 1899
1003 39
349 1249
144 1440
1482 1883
219 369
975 1509
743 1416
507 1354
769 820
1965 2136
1975 2066
830 1743
1601 1767
175 542
408 490
1167 1037
2104 1580
1666 1428
126 356
2091 1005
1045 319
1071 1379
1679 1210
1803 1230
198 1703
2266 714
470 1832
1168 1877
761 1764
1647 1352
1101 1190
855 298
750 1394
1947 1850
879 1238
1510 1226
199 1039
667 1589
2014 2139
499 550
604 779
1702 883
2138 1435
1153 953
309 1592
1203 891
170 544
1459 305
1100 1595
1959 1621
660 1123
434 908
1888 1088
337 508
1414 840
1924 960
1364 1134
1948 386
315 452
2055 230
2204 1449
1607 18
1582 1814
1701 2166
1151 255
1180 2079
511 2253
1645 2193
1187 2279
317 647
421 1423
382 746
914 375
1590 2130
1837 652
321 1682
85 160
1914 1825
1467 1377
2260 1558
1508 1188
1479 753
326 875
1375 1312
730 1444
1160 972
Ne.
345
799 71
870 60
716 560
830 17
645 1195
5 131
474 872
776 57
568 1091
322 389
55 906
889 337
625 101
901 16
983 1002
118 105
523 768
1252 1240
154 1198
29 279
877 899
675 198
682 997
509 724
801 661
116 761
179 1054
367 611
422 491
1001 419
703 420
409 1189
765 822
247 787
534 1061
1096 789
465 73
747 519
52 77
1052 1122
526 726
575 589
887 452
550 317
1251 803
31 292
937 1278
959 423
905 483
837 634
660 958
1025 1206
1060 1299
404 698
1277 1302
733 261
601 693
1151 1310
476 719
468 1009
868 235
328 800
333 1159
390 802
469 470
1167 176
505 652
981 290
925 399
893 1228
1010 1192
782 329
1134 1179
252 700
504 639
647 125
384 1175
831 1028
160 96
1000 655
947 1123
321 293
669 1158
1029 954
249 489
196 1220
212 488
752 944
681 1126
1180 42
27 475
1013 823
603 979
1045 949
619 1003
878 544
849 499
354 225
805 303
674 644
1093 764
1101 784
306 9
283 26
994 632
620 992
653 597
114 613
1120 1197
47 236
1143 175
155 208
819 1069
631 826
1078 815
1139 874
688 170
574 376
546 410
1149 246
836 46
379 561
934 1074
358 710
662 1022
679 515
1095 120
600 25
485 854
68 1276
540 1301
201 857
953 689
564 820
919 1
257 1291
592 1265
907 237
989 169
97 1079
1136 1187
383 403
95 528
1058 171
720 1208
356 939
965 1043
1205 50
637 350
723 168
1239 699
886 270
701 763
1297 629
210 779
425 858
429 480
926 824
1080 1161
121 746
739 520
711 1293
1225 421
258 282
1127 477
1263 1169
259 664
471 149
588 638
976 307
416 672
359 729
186 364
658 92
12 1218
1077 910
817 137
1312 88
1273 180
1298 1300
280 206
1295 808
1086 1007
996 755
640 971
736 1130
651 35
138 1184
667 127
708 122
908 902
310 941
1315 484
988 382
1199 466
275 309
315 917
1033 686
1288 1156
195 593
167 577
1272 1023
0 1224
798 426
730 3
876 332
873 187
1303 336
1021 579
253 602
970 962
15 743
694 148
481 193
1173 929
344 1223
102 1286
233 841
1259 1133
562 927
586 1249
340 1289
943 61
87 158
1257 319
530 666
215 285
331 1307
649 895
510 738
151 587
408 862
1163 458
683 930
111 86
1110 795
1042 1203
1072 839
1234 1275
241 1121
1212 447
924 838
665 832
946 444
1305 1266
646 1020
511 745
545 145
995 844
362 1067
1039 912
548 387
94 583
677 478
691 1182
136 585
885 1031
361 1089
582 1304
199 702
90 1279
146 758
284 727
188 791
1246 216
712 395
431 32
1236 643
938 657
673 569
1056 1131
207 599
1129 1244
135 140
133 860
567 580
106 605
45 80
417 62
305 1026
75 380
856 1267
339 740
843 1185
1242 654
98 1059
565 211
785 239
828 66
161 741
221 1250
914 200
1204 692
85 1258
1068 454
407 244
78 628
119 621
128 436
64 299
296 59
960 932
933 501
302 1108
786 804
721 1160
1038 500
553 975
1036 202
177 164
240 1011
1065 424
1148 1047
204 616
536 1046
542 1092
829 1083
256 1032
1268 308
1106 709
532 162
1313 1138
1290 972
453 10
1193 1200
1076 414
816 1030
508 549
434 991
818 909
742 298
774 936
301 1057
232 1260
1070 671
38 1256
374 413
130 961
778 205
1191 531
607 159
220 769
406 1243
762 626
892 67
Ne.
404
1507 878
37 213
615 976
285 997
190 996
772 282
648 839
702 895
183 1357
1375 806
1199 70
322 390
795 243
45 1161
138 135
478 1240
1180 242
1181 1021
1297 676
61 377
1366 1091
1093 1060
663 884
453 308
503 1266
316 896
517 179
1472 998
1436 1304
339 440
899 859
76 384
546 502
1269 755
1151 1250
1308 1456
1453 1353
1159 330
710 1469
329 302
1349 978
41 939
1383 1381
1303 1321
1302 520
1296 652
881 1008
218 717
727 1344
571 366
1041 131
354 1062
624 1170
490 1499
614 110
675 1226
1096 1305
229 1373
1420 386
1158 164
1352 256
921 294
43 1072
579 1409
1391 1530
788 122
412 903
936 365
1130 2
1268 830
117 428
669 1479
910 68
1054 300
188 819
50 1202
1048 870
800 840
563 427
804 1498
1336 560
647 8
1398 555
1385 380
212 364
225 1001
916 93
621 142
1216 1438
1259 1149
541 1432
544 7
1212 1315
841 604
1217 166
622 1428
850 1393
934 1330
1004 1265
220 740
321 173
798 333
1311 737
868 497
399 823
62 654
797 833
271 754
16 36
1422 1142
479 620
562 587
1329 958
189 1334
1495 1512
1514 252
348 394
766 1085
381 607
576 1397
693 65
678 1382
489 965
1457 947
1139 732
272 151
163 1370
538 1035
214 635
763 1448
778 471
716 230
1503 3
1148 1009
1531 1061
1214 1464
760 1103
1281 561
989 1223
542 246
1219 1108
147 651
226 1524
1039 217
358 866
46 4
1252 186
168 1396
776 1488
1191 32
1505 374
718 1230
747 619
1045 1515
95 1213
578 1289
1018 511
580 1109
1068 1125
438 425
205 1232
1497 1078
335 820
1510 641
450 1013
1473 1519
551 1051
1362 914
14 510
1153 334
1348 933
824 51
912 791
913 530
25 1077
618 521
856 661
780 498
764 1046
999 777
687 288
688 926
1264 421
1016 1137
1521 1371
133 1186
309 852
161 816
1254 1164
1044 586
768 1031
1483 1327
805 1059
1384 680
796 415
1081 590
835 1010
646 1277
18 817
79 785
247 809
645 879
758 129
234 1374
448 94
1465 673
1395 75
603 407
701 743
10 1173
793 983
1260 1481
724 115
532 924
625 1307
157 813
379 406
306 331
1032 458
730 1012
617 194
1270 103
162 873
198 405
383 253
831 191
1452 290
842 1
1196 468
445 946
1115 101
124 473
352 38
1157 1221
825 367
684 628
696 472
900 126
826 1405
1445 470
1443 1360
27 1249
529 981
1075 977
465 35
337 261
176 836
441 1406
1258 1328
373 995
475 1167
287 1508
1123 177
1043 1215
692 966
746 509
397 1290
446 581
650 609
145 346
1450 1092
469 708
1517 877
1090 1534
782 1033
519 1338
668 370
1052 244
82 1400
1187 655
573 107
802 854
1014 744
779 292
159 888
686 249
598 423
315 420
132 119
1094 855
518 139
908 704
915 1088
917 178
34 883
506 328
108 1036
313 1280
516 1166
1206 1234
1138 1442
904 85
495 340
612 105
452 1262
974 224
606 811
1231 967
344 970
920 1209
140 769
927 660
959 674
971 259
531 499
1417 66
1404 1282
658 980
180 174
799 143
670 1388
1037 1439
1154 187
1235 1098
81 549
844 583
99 1203
691 128
1256 1225
102 29
1319 1376
1350 1156
233 442
430 1411
336 280
719 181
662 120
1112 408
1163 1003
485 1283
639 657
1200 20
1143 723
957 382
1132 388
944 545
753 368
1462 843
683 1025
1377 507
123 1523
327 1131
156 349
968 389
808 202
787 1520
314 577
938 0
391 1492
1346 722
725 774
932 92
172 889
1511 595
608 1496
1174 1367
69 15
149 867
689 1342
1471 410
1372 539
681 1136
255 930
49 1116
535 846
552 347
1345 52
483 1067
937 199
175 985
153 362
875 1184
919 803
653 106
454 592
459 1414
703 1482
1355 158
1145 1403
1295 343
1324 594
1208 118
543 739
630 1049
231 351
1294 828
456 494
357 419
638 863
167 326
952 988
706 1255
208 1364
437 876
1019 757
1251 882
443 1122
902 324
712 88
424 1502
572 666
353 17
363 359
1386 709
Ne.
371
1189 1256
963 905
628 610
787 1219
95 463
805 349
232 1450
1392 1170
511 1427
761 354
165 206
545 1278
1338 1504
344 1145
311 1425
174 1307
297 1410
1522 208
504 330
773 251
336 1447
163 1462
1429 287
1083 403
859 62
1263 1463
483 1086
43 234
1328 1104
129 707
1109 388
998 500
833 1371
1352 1445
1409 825
331 981
449 126
687 67
157 1399
121 842
1077 1408
1129 512
546 861
1199 367
927 20
834 477
643 635
1368 1464
780 283
1028 1319
173 140
1378 1163
1228 3
200 873
1055 1226
544 931
1195 94
1066 215
1293 893
226 627
400 153
1305 199
25 688
399 1437
568 816
1040 857
1330 989
1345 130
583 125
1270 60
1068 295
1118 213
146 457
737 1470
64 521
883 1134
838 1316
587 706
830 179
645 272
1313 1364
661 84
378 1379
339 605
536 598
1421 1006
1016 1277
72 1273
73 715
145 1056
166 648
630 570
732 101
1510 800
917 357
198 238
624 792
307 370
38 1496
228 747
229 690
87 1180
768 1264
535 889
1161 37
1098 634
892 1401
822 1182
1312 1514
941 359
968 66
1430 865
1231 89
381 292
866 986
510 1423
278 852
383 746
190 1138
1148 809
1076 482
764 149
1290 277
1080 340
681 188
1280 1452
940 1440
1304 955
631 122
1487 1355
658 1471
902 296
415 387
1011 1518
162 223
79 437
211 114
421 977
778 44
750 724
1110 438
1404 533
767 441
1217 465
1070 949
183 1438
1457 959
1201 1035
409 1079
566 1298
115 818
1093 120
869 1157
629 384
1214 992
127 577
227 713
1003 26
52 355
464 1417
554 1192
864 1167
479 1193
908 807
172 1511
1029 702
1324 872
939 739
1147 47
1059 603
393 1169
559 1449
266 103
187 310
1383 1090
1281 1245
148 810
789 1034
845 250
1078 763
1177 770
534 395
1310 18
328 556
435 490
1468 1508
167 980
467 590
529 138
408 584
417 29
491 1435
626 1141
695 466
1439 380
741 625
785 1526
14 642
364 1206
1041 235
230 714
440 201
1337 693
1502 489
453 1266
749 1128
1411 1267
302 1208
342 1205
689 1527
376 655
1274 316
736 298
863 474
1385 685
70 1225
269 1363
1299 882
212 1185
322 586
560 802
621 884
644 35
1153 904
368 887
1155 135
1254 402
143 921
759 264
1428 657
697 1023
1036 912
385 1091
1142 894
1072 1244
1051 1017
758 460
1475 781
565 1459
279 406
171 356
493 254
113 1451
811 1390
938 405
1359 323
318 1501
1096 24
923 473
430 202
840 260
1042 241
1052 791
555 1426
933 513
361 558
351 835
1517 391
891 240
111 704
1143 1403
815 42
879 1073
478 1106
363 69
696 108
999 885
918 1372
1283 1289
107 817
28 262
216 1168
1250 257
1490 71
799 168
416 1115
343 1092
239 282
462 925
389 958
1149 338
488 300
734 1448
423 731
1171 176
1241 175
901 1131
1387 1413
1347 182
444 34
1001 1515
993 341
682 944
1053 360
1236 1010
151 1
988 196
1111 576
826 373
1121 613
86 525
481 970
1166 935
984 499
1432 286
1393 1414
1176 875
1418 844
1320 350
345 1488
771 320
1489 1339
314 1442
795 169
916 1024
1498 1160
1458 1200
112 422
83 1460
886 593
270 484
152 1048
1136 427
503 1004
1188 820
1374 317
299 1329
2 1311
974 1389
398 665
1318 1354
1357 729
505 721
1232 1503
326 33
1039 855
622 539
246 471
1019 436
744 1097
948 1156
896 719
956 1286
964 401
1165 1268
476 961
1484 1032
76 404
519 13
1133 786
48 247
106 1472
451 1223
1037 46
619 220
96 831
950 1252
180 49
1294 1380
154 1114
676 1485
1405 347
1420 823
1360 413
754 78
752 1026
1173 723
1246 860
727 798
144 686
290 1005
Ne.
1193
1859 868
2720 3631
1444 1832
2353 3723
3870 833
3867 1169
393 2846
364 1912
4432 775
3977 2404
4545 2487
3485 2003
395 3730
3603 3250
2927 3013
4039 678
2165 4578
482 1975
1167 1055
639 2594
4521 889
4029 1168
66 4117
548 1107
246 4132
1076 3421
1488 2381
3774 2972
287 1919
996 823
733 3288
1758 4161
4438 4529
3997 3563
92 3579
3253 145
3211 1106
4212 2735
2806 3217
3299 2830
2809 561
1785 269
3410 627
1410 3866
354 3176
279 2646
2919 4360
2518 3198
1383 3465
3177 2609
3106 2099
4083 1395
3147 109
2340 3813
3601 1513
155 3700
3840 2093
70 333
2316 226
2773 1653
3203 3388
344 3431
4249 1043
3346 3518
2422 1799
3489 3768
683 1500
1747 2592
1792 2862
4106 278
3893 3015
3088 3347
3090 1495
3496 956
3865 2892
1419 3741
2885 1193
1991 1965
4359 4654
3245 1328
270 2540
1033 1391
406 3040
272 1315
3559 3205
1238 1777
2998 4103
2095 1442
4613 301
4272 3266
374 1788
3773 167
4348 3197
799 1183
1950 2146
3843 591
4138 2741
643 2378
1632 4568
310 3985
1064 1320
3626 150
3418 1600
3136 750
1497 1272
4168 3780
2233 97
4027 2432
917 2291
4248 4535
664 2054
4176 487
2674 581
2801 275
3123 1577
3825 1453
3667 64
1983 768
486 4303
1701 2331
1706 2445
3107 4665
1424 636
186 3497
230 1689
2544 12
1894 2845
2900 794
3509 367
3962 2965
2555 3797
4104 893
3471 4173
1288 1837
4036 4503
4404 4442
2501 2705
2139 2520
2231 1936
3251 4551
3901 2985
3650 702
1295 94
1482 2889
3365 2282
4611 3139
2196 4513
1337 4653
920 1900
293 8
816 1235
1846 2736
1300 1027
4255 1874
3949 4123
33 749
491 4560
1469 793
3663 3047
3778 3477
949 1477
1103 3647
2229 1217
3423 3033
4052 4483
89 3948
3998 428
731 1521
3393 2213
4232 3092
658 564
2782 3069
2605 2039
3899 4701
1154 1344
2557 4119
932 21
2238 309
968 95
4479 3999
2259 4329
655 1181
1198 1540
3600 4677
1137 4170
1878 1056
4558 3329
1021 2850
239 2208
1885 1213
4678 2789
712 4142
1928 4686
1498 208
623 820
3564 3844
844 3316
3110 1415
4509 4077
2708 4057
2448 3805
3651 3001
1947 3178
4403 424
1595 1374
1659 1476
3659 1673
562 800
892 1717
475 225
4253 3075
3262 2084
348 1657
3224 2338
2815 463
2631 173
3558 3343
472 2312
4661 3729
2177 629
2939 878
4281 2234
335 4710
3649 1234
2336 1601
4182 160
3831 841
624 1850
1940 2866
4372 4478
3639 3687
1691 2247
3218 376
2530 2123
3004 1159
1118 252
2971 135
2797 826
1960 2096
1762 3144
3879 2613
2067 4671
1679 3257
2132 2948
1827 4487
2130 1708
1656 3929
1588 4326
662 2857
3798 1459
2780 2358
1010 3721
2515 1449
1655 3276
4625 271
4488 122
3990 1840
2198 124
1835 3685
2206 1097
689 2248
3622 2410
2686 1610
2272 3127
1959 2407
991 2325
536 2734
1666 2790
1070 1203
648 3305
4430 1718
3082 1913
2221 2421
4188 74
3202 281
3697 2771
863 2413
3568 856
3799 1869
4580 2343
4165 1281
520 697
115 1815
7 3426
2347 496
3137 2869
1349 1683
2820 1220
1089 4045
3409 806
2405 931
3116 199
2688 1463
4475 1860
194 2580
2355 1153
3642 3434
4111 592
4371 4381
3522 2442
1473 4089
1958 2986
2367 1030
999 317
2119 3028
2881 2961
2694 1705
3941 1990
2065 4362
2633 163
2284 2729
1857 1824
2024 1091
2645 4532
1580 4603
4615 4278
4711 2562
371 3086
4291 2203
696 108
2560 2169
400 936
1861 4582
4636 644
617 3499
1700 4190
753 3464
660 3705
943 3784
123 1052
1133 379
2476 4333
39 3454
1574 2973
3270 69
1115 2510
4307 2601
3021 1514
3476 2798
227 682
2558 195
694 1652
3629 743
1301 1496
26 4327
3945 3462
1745 84
4694 4056
1210 4467
3611 2817
3417 1562
4402 4565
3586 1466
3701 1798
2838 3572
1988 2147
4462 4215
1363 3163
4009 3955
4412 3036
3957 1627
596 529
4377 3366
4358 3068
4100 1029
2561 1336
1048 4321
4087 2293
3314 4026
4 1528
519 625
4544 1464
866 2249
3186 495
3404 3516
3118 2843
3814 3853
686 2596
1616 4214
691 3358
2357 2115
755 604
3953 1592
1502 4477
2010 1265
2156 3405
2267 3842
542 1455
1351 2663
1644 460
164 1826
151 4149
568 1205
1128 3445
366 369
531 3432
2570 1586
770 3281
3442 593
1807 1525
4000 2188
4663 4233
2573 4203
585 4675
494 2916
641 4573
984 2013
3857 3907
2823 3463
885 2394
4312 1787
3243 3732
2437 83
667 4098
2792 106
3239 4460
443 202
3922 3180
2847 2392
2921 642
1985 2553
2110 2506
4388 905
2994 3728
3459 1969
3924 1692
1254 3183
1092 1310
1994 85
2090 854
732 3878
4071 2453
2034 594
4401 324
1330 2969
2799 1382
3255 503
2386 3084
1227 1335
2531 1155
4135 3301
4676 2173
1119 261
2251 1867
2655 1319
2523 4129
3171 2807
4614 4346
3560 1667
2893 909
3215 3718
4485 1875
1438 4693
2691 1110
4186 550
3571 1228
527 772
2852 1207
2620 3751
2062 1961
736 3415
990 1782
220 601
4434 1165
2787 3483
386 4269
1566 710
1156 4566
1461 539
4213 3059
3449 2230
2240 1241
403 3765
3537 1629
762 4195
3973 1312
2826 1943
2778 3319
1086 3140
3018 3387
1366 3051
1480 417
302 1264
3273 126
915 572
4575 427
268 1231
1761 2004
3637 983
1113 454
4623 803
4158 2150
912 2897
4666 1544
3679 4338
3525 2607
1821 2070
362 4216
3380 4474
420 1161
1822 2865
2514 4645
3087 1550
3767 3530
4494 4151
4633 3692
4137 401
3873 2521
1966 2083
1121 4354
458 72
2668 3287
105 3026
4296 2108
537 3787
1618 332
3717 2052
3928 4493
2882 3268
3964 4420
55 4369
3152 2078
4579 1182
3354 2019
4042 3403
4515 412
3481 1352
1427 146
312 3436
3112 3153
3891 1162
2279 3987
1196 1146
734 1143
3113 3669
4639 1026
551 2769
4647 2908
1541 2131
3258 27
4699 1797
970 2606
2899 3372
2696 4409
4018 1392
2704 2262
2351 3733
1793 540
910 900
579 1379
1020 2190
656 2917
2566 2181
2754 1135
3317 1648
2582 773
2088 1626
3080 3760
1090 4154
4332 1190
4288 3475
3134 2079
2793 289
1573 554
603 1400
2658 670
902 2980
4330 3296
2944 4067
512 430
2239 2896
267 3190
2585 4034
4274 2020
1420 1676
1725 2327
4548 1607
4591 2597
431 2462
1559 1751
464 663
528 2185
2310 725
2524 3108
3191 450
810 157
727 2163
524 1967
4469 1591
1640 1194
1406 4605
3609 3267
2812 690
4673 3356
90 3324
4465 432
3241 1342
206 1728
538 877
4435 3521
4609 1935
1853 4328
1760 2114
3856 546
4497 989
3911 1039
3726 1397
3429 4331
3595 1216
969 2222
4546 4537
249 346
1843 903
1669 613
1016 1195
935 827
1087 284
1906 1992
4207 2414
1509 4606
1014 4235
31 1437
982 1625
1565 337
3912 3401
1221 1930
1384 2073
3229 3820
1062 1250
3508 502
2211 2339
945 3225
1077 3845
298 3480
3293 4512
3493 2887
449 2543
1650 1211
2391 2849
955 4658
1073 2470
4440 3937
748 2260
2779 3061
4285 1450
4273 2795
2425 1780
1834 1631
1921 2938
4556 1686
1160 1226
839 1557
1468 2349
1688 466
2962 250
251 2192
3196 3302
2875 657
923 1024
3457 941
436 1338
483 3662
1277 3583
339 1781
1108 32
3303 23
2532 2781
3976 1733
1279 2207
4684 1684
1068 894
1501 2193
1185 3206
3925 2104
4113 191
2586 2930
127 2664
1331 924
2904 4581
1303 1267
600 3500
1377 2959
168 2042
3850 391
837 2616
2396 2541
3491 1140
294 1065
3161 3655
2460 1356
1668 2992
2037 4096
295 1551
869 4226
632 411
357 1868
2943 3342
3913 3386
3684 4593
154 3589
4271 1902
3535 1306
698 2906
843 1158
752 509
2848 1739
4439 3325
1152 3440
3200 1481
1508 3503
2154 914
1060 392
19 1997
3645 236
1340 280
3309 3482
1752 3864
288 1102
2671 2534
2755 1439
1738 2416
4163 113
2715 3880
3046 3435
4155 2617
2667 4378
4648 3602
2983 1569
2483 967
1774 4451
3648 100
380 2503
3042 4557
101 761
205 61
896 3747
1587 4523
2467 1808
4196 2693
3688 2235
4193 1512
3133 1844
138 2269
3714 3099
1570 2922
88 2634
2098 20
4650 3541
875 107
4204 2770
1232 3703
3676 1883
1071 3249
2946 2819
2997 4638
2539 4289
847 2035
4482 2728
2216 2512
3661 2266
3979 2027
3132 4621
4107 238
1518 2700
1905 961
1186 3056
3854 4108
3557 3567
1816 257
1138 2217
455 2400
1609 1615
4617 1578
901 883
4015 1932
1347 2322
738 3384
1403 266
981 1080
1641 214
2725 2934
2264 1125
621 321
814 2739
798 3359
3881 511
2440 3689
4270 1011
1083 2055
1996 4102
3624 4391
489 180
4368 1910
2626 2226
1499 2841
859 2599
4256 165
1663 4002
2076 4183
4040 3673
3079 2006
1409 1448
2947 3369
1645 500
2461 1416
2967 1004
2894 721
11 1309
1290 1579
765 2359
2670 3285
3975 1603
2254 2056
76 3160
3566 3898
4298 3940
3670 3005
832 922
2935 59
2974 1757
2176 1606
215 2237
873 4099
2271 3114
857 2106
1854 821
1847 1326
4112 3470
1018 219
3014 2905
2236 4221
1749 4294
645 3506
1112 640
3897 1660
1953 3982
1398 4500
2559 2439
1838 4205
187 1977
4552 4655
3950 895
2775 704
4652 3032
3125 962
68 2433
2679 2710
1104 3704
628 440
1458 3371
795 3179
1503 345
616 1938
4145 4046
4075 3078
3762 3930
3869 177
2832 4037
514 1284
2105 1317
3129 87
479 1261
1484 3063
2624 3115
1750 4178
848 4319
1895 4238
4259 3193
2311 3995
680 4570
2023 2612
3801 4685
4596 144
356 1870
2289 2202
3420 1516
1851 2878
3892 2942
1316 4093
1124 2565
2040 2627
4406 3336
1884 4514
4376 182
434 4085
1773 2834
4043 3851
1611 1378
2075 4010
4318 3091
445 2937
4542 549
2990 2036
114 4031
3584 2749
4016 325
3102 3157
413 382
4062 3656
3444 2368
1581 3232
1082 3313
2348 1970
2452 262
649 4243
2722 574
471 1848
1802 1898
3412 1150
3620 1759
1434 361
2435 96
2774 4152
3759 3711
2323 221
1529 4564
3010 4610
3533 2695
3519 2913
1542 492
615 1510
1149 940
4414 2547
4619 2860
2844 1678
3581 2205
3818 576
3210 1789
3739 1046
3424 30
3328 822
3526 728
3612 4044
2936 3330
4418 3452
1088 2077
67 1949
3852 874
1405 3308
176 86
75 2572
3819 3395
3777 2757
3109 3071
2638 1271
4335 1285
1081 2300
541 435
1491 3630
2480 3453
618 3587
372 1608
4416 2273
4222 2672
668 2545
3049 1017
2319 1914
3958 654
2925 3468
535 3011
4670 2111
1810 2005
4048 4302
993 3326
1393 1341
2680 602
1197 2109
2012 560
3031 3807
3565 207
1127 1387
1630 2982
1008 2124
3552 3168
2975 3438
499 2993
3244 4147
1414 2335
2647 3041
210 4366
4428 3527
1248 3208
652 2091
4468 4345
4162 3871
1244 1978
3394 1742
4223 2751
1364 4208
2227 3575
2689 3151
1711 3791
3411 1741
91 3076
2129 2758
1776 4436
217 3550
3698 1063
4011 2309
4674 3855
4258 2057
4692 1922
418 4047
1287 890
51 1534
666 1188
647 3660
120 3932
3289 36
3538 1457
2636 3914
3632 3926
887 4355
2502 4148
112 4463
2441 254
3058 3744
3517 608
805 1132
2738 828
2187 3795
3528 927
2041 1042
1253 2200
3194 4629
952 1634
3466 4496
4457 4445
1863 4209
2292 4383
545 3890
1040 4341
3917 2653
360 2615
2438 117
3608 4389
3808 3706
1402 4458
4373 216
4340 1249
957 4604
1564 1515
3599 3756
1099 2977
3070 3769
626 2408
2861 2085
4130 315
3615 2932
142 2717
2706 946
2071 4013
501 247
2228 1873
347 1803
442 2186
777 2840
1471 3364
580 2724
1348 4030
4310 237
1911 2759
4101 2142
265 4306
525 609
3025 1674
4501 1164
193 634
836 4413
1710 3534
370 797
6 274
1094 3227
552 3373
2732 2643
2595 3529
2143 222
631 1647
3264 1191
2963 4007
248 2252
1604 2116
3952 707
2032 1373
4562 1486
3658 4643
4706 4492
693 607
3963 3585
2257 4424
1031 4405
1532 3874
148 3749
1035 3755
2063 2306
2061 3209
3634 4607
1633 3034
3019 1790
1436 3753
1350 1171
3764 4189
4370 2836
2281 3554
1548 3745
1396 3510
4590 2733
1920 1696
1614 166
534 3339
4410 4290
408 1298
3238 2468
4262 73
1555 575
2884 708
3549 3556
1814 2277
3737 2184
2777 2748
1589 2069
3804 1531
2064 2038
1623 17
530 3754
4447 3654
3291 447
3906 1151
1302 2851
1433 1998
4054 4166
3072 1388
3691 2048
815 3793
4361 2842
296 1057
3779 2000
62 2382
1441 1980
3156 3103
1583 305
2537 2270
985 1681
4664 3834
1462 1880
2459 3327
253 3555
2677 4473
3256 2026
4059 4315
373 2001
429 2390
1649 4231
2232 834
1447 2818
3971 976
2465 3832
532 323
2182 4299
2384 2745
2816 4347
218 2283
4177 3582
4061 2086
2174 3743
2393 3124
2346 4365
1355 1470
2385 3391
3968 4567
2831 54
2519 760
3451 3294
4597 3942
1917 2604
1952 870
3322 4201
203 3427
4577 4656
3824 3150
4051 4696
4437 342
2835 1483
1646 4363
4339 858
3064 404
1280 3895
2796 4480
2016 3089
1770 3252
2361 3397
4631 4356
783 2945
Ne.
1121
2928 362
3269 4304
43 684
2602 3514
3829 1345
3094 610
1131 3071
1912 1804
3825 3192
3884 1788
416 3458
542 3061
1960 4380
3980 4350
246 2028
3343 2387
3069 4294
422 1738
1984 1070
4298 2424
788 1100
174 136
2545 1060
3115 2330
2948 661
3354 3831
4056 1802
3449 484
2706 754
697 211
3287 3119
1893 4243
2872 3473
1936 2747
1281 2096
3309 3015
3313 3152
2762 3377
844 2066
2964 3250
4047 2746
1866 3000
554 1465
3344 2194
762 1388
2377 1478
4154 1244
291 3785
2986 3694
1823 2466
585 2359
1005 1394
3014 1943
330 3671
2673 2902
2425 2056
4069 822
2468 1470
678 2885
532 22
4400 427
2561 2937
2404 1181
2270 2892
3688 1764
1878 369
3125 1813
3357 4135
2472 528
517 3099
1679 3957
3088 4169
122 3813
393 546
1166 3895
745 3416
3031 1687
662 1492
3251 1296
3946 720
357 705
2828 2744
3399 1195
2213 740
1859 1982
1995 4000
4401 1072
2811 1688
3801 641
1490 1994
931 2918
3621 1138
226 421
2557 1552
1397 1027
2797 2712
3588 563
1317 2102
59 3109
3958 1884
2989 3444
1883 3983
940 2745
1648 2009
0 3353
26 2325
2223 3306
3012 284
3526 958
2865 1030
512 3260
3696 1287
494 2221
4335 3275
2940 3184
1447 4059
4364 1031
3713 3999
3714 91
4152 350
1351 1677
3375 3977
4196 2909
1746 1817
849 4203
1347 2231
3886 2381
3121 1583
1689 3664
461 48
4132 895
1299 62
47 2833
2227 3552
1576 3212
2086 1259
4171 2051
35 2117
4048 15
709 1806
4215 3788
2525 2299
3740 681
417 3388
903 112
4331 3456
2618 4409
872 3462
3742 337
3527 4170
3350 2191
478 2163
866 1385
1932 2877
3574 699
1773 3112
873 3903
1014 1122
2224 3540
2473 4209
3577 490
2660 4086
3892 2149
543 202
1081 4258
1654 1094
370 3549
3846 1603
340 2063
3743 3839
1294 1527
1581 3503
1584 4234
2736 851
260 4359
1058 2738
2034 2695
3647 1057
2789 3908
2014 316
130 4339
4220 1786
3956 1247
55 3536
1694 4199
632 4041
642 3900
993 1476
1459 3267
3336 620
30 1843
2969 3356
1728 2733
989 850
2360 1563
463 3228
182 4273
1646 3326
1241 1025
2119 4014
249 11
3244 2322
1602 4225
355 1812
1860 2099
1941 467
4139 2575
3926 1782
2440 2243
3917 235
243 3913
4246 3371
2682 521
2749 874
480 3699
1595 2047
4162 3265
1218 4197
3059 4117
1506 2812
3039 3299
361 411
2375 508
2048 1378
2503 2554
981 3495
907 111
2622 2267
3113 891
3133 1486
3352 3551
2432 635
600 3194
3753 1899
305 236
4119 3279
2719 2766
154 4370
1359 3611
2681 1383
2851 581
806 3030
586 232
2 3204
3529 4327
3285 212
2002 2826
1353 1208
1071 1789
1311 3907
1879 4093
1574 1249
190 1209
2704 799
3138 2130
3041 833
2530 1456
1972 4254
3645 4395
4223 976
3724 1
541 4092
72 1598
2975 3762
1420 1889
1237 3022
3741 2264
135 352
2085 3372
487 2542
1132 1003
1243 2291
3229 4106
1194 3953
1105 1115
1926 1487
2535 2490
1620 3490
853 29
205 813
3554 4042
3686 4164
2859 4099
2198 938
3642 2500
2701 2114
4406 4068
1942 1230
962 2257
2428 169
545 2551
965 89
4255 1856
1968 3712
694 1639
3007 3728
3363 927
2604 2353
4265 217
3567 3832
3767 1525
1718 3659
3246 189
2333 3555
1096 2374
2158 2887
3214 2242
3289 1054
3774 1839
2396 68
157 3223
3023 1591
666 2495
2613 1759
2469 1177
1148 3284
3413 1664
4341 1642
2176 1946
1845 2260
3198 1282
2316 3771
2999 3035
3062 918
3906 2830
3672 1008
702 2015
3605 1082
2628 3079
4317 4103
2727 1821
2946 2408
3132 3276
2185 2021
3729 3426
933 4083
2787 1463
4387 2486
2355 1826
1430 4018
3240 941
1748 1543
1164 1021
342 251
4001 4095
2049 3077
924 773
4224 3991
3995 1344
1754 3638
1091 3912
1621 341
1117 132
1772 391
3867 2685
657 188
2846 3085
285 4278
2300 1669
3481 815
336 1188
3181 796
580 1238
3027 1585
749 4182
3463 2372
800 363
3131 739
378 751
1959 3654
1996 1395
1769 1874
405 2985
3273 1649
2925 771
1881 1828
2754 264
1523 3650
3262 2526
2217 119
922 2623
3382 3126
120 1379
3418 839
2956 1251
3655 306
179 3637
2584 1911
1363 2917
3812 1710
807 2955
4325 2098
4324 992
4165 4368
791 2641
1979 468
1433 4349
859 2619
3809 2783
1715 3881
1868 1577
573 2502
3542 23
2970 2683
1450 3847
1793 921
297 2648
1864 2988
388 2659
3874 1004
963 707
1295 1200
3114 3746
1604 944
987 1207
3842 308
2285 3281
4098 3067
2491 4219
1437 777
1229 2271
577 2654
1916 2614
329 2485
184 4065
3511 4301
1779 4147
966 2741
2840 240
2057 4358
3320 215
338 3706
4410 917
2595 440
37 1790
2442 659
789 3414
1370 2881
1742 4012
1308 2403
1077 3976
1290 1703
3255 1257
65 2434
2297 787
928 2809
3123 1300
3139 3520
3910 3386
4020 3491
2965 1522
3391 2022
2204 1610
276 1484
520 1676
3781 3435
1126 1268
2731 183
3556 1626
2900 2427
4188 4386
1016 900
3840 3606
1228 2944
3612 2755
1697 784
1235 2265
426 1002
835 1862
809 2151
1111 1882
3793 4217
1089 4175
3402 1964
3419 3599
2453 1406
3428 2532
3466 1312
107 1163
4257 1896
606 2560
3850 627
1516 333
2726 2835
2593 619
1074 4077
206 1635
2235 3915
1785 1524
4176 3272
1006 3086
1735 2679
3398 158
3992 3018
2074 4378
1155 2439
2120 1830
4021 126
2905 747
1568 1415
2251 128
2340 3721
4328 1183
2635 7
2035 1029
4064 1650
1360 149
4280 2936
1671 2027
4240 3731
3186 760
4407 3300
3459 2893
2711 404
172 1531
951 2676
1607 3422
3695 443
1951 4250
4148 3070
1162 1173
2077 2123
3573 714
956 2912
2798 3101
2261 794
3009 1800
2643 1350
475 51
2065 2228
765 1534
4342 3411
3963 959
1210 1678
3859 721
3037 1233
687 3765
3933 763
1682 3697
1424 3562
1736 700
3532 314
377 4299
2012 3734
4218 688
327 3205
2796 14
1352 2418
2006 2205
3914 2007
2961 1781
3684 742
4282 882
3407 3557
2254 1343
2106 1373
2860 1080
639 1439
4206 1731
2761 121
4259 99
2309 4336
2084 2558
367 4381
1877 1858
2873 2025
3835 1919
4333 511
2018 4392
4296 3591
3154 2606
685 3173
2241 2286
151 3453
3875 2949
4100 825
3725 208
3143 1855
3921 2236
3164 3751
3857 462
2886 1097
571 756
1803 2546
2977 3060
500 640
1744 1449
2774 3042
3200 237
2391 2533
2115 3786
2180 2765
4398 544
2141 3328
4138 4200
2862 4394
2026 3148
2142 4062
2289 1399
1315 3618
1985 203
1150 1498
4157 2488
1945 3534
2166 3653
1216 2196
2044 4214
3858 2987
2632 439
658 3169
3780 1152
2037 4146
2394 3981
2976 2426
3994 1752
3677 109
1865 1468
4226 939
2460 2667
3959 2610
3614 137
732 1544
3443 604
3191 2992
113 2573
4396 2552
3396 2186
223 1511
3769 4051
3110 2108
278 225
2924 1053
2772 3960
2218 2033
2617 1301
2972 3439
3625 870
293 3104
1411 2430
1010 82
991 3211
2567 2633
418 1293
2778 1605
1963 2725
1040 1425
1571 2207
1434 1871
1809 2759
633 116
2916 1039
269 1042
2694 2839
1270 4354
1401 2779
2183 865
1440 3195
4213 2487
4185 3075
795 2168
81 4124
407 3928
2775 2508
415 2481
3799 531
2201 2238
2295 625
1473 623
2278 3442
1589 2038
3876 2493
1546 1028
2664 3954
1418 4075
351 1334
3920 1291
936 2304
2777 980
3137 1264
4316 257
38 2879
821 915
2220 430
3263 1482
2935 1918
1791 1220
2129 3804
4193 303
1547 1939
3547 1310
2444 2148
2634 2756
1734 460
2980 3822
772 2662
2337 883
4058 2994
510 2587
3856 2305
3863 3749
3737 2903
612 4013
948 270
3601 1455
887 1717
3750 3948
2317 3111
2082 1066
529 2277
3290 2563
4136 4133
2004 3823
2296 2247
3909 1617
3277 584
2036 1836
2529 701
3707 4027
1662 3770
3923 647
4314 4302
1762 1863
2318 375
923 1483
3083 390
2518 1758
1924 2735
3986 1822
1515 3918
801 3716
4216 2348
1371 534
3622 1400
1339 105
3408 2244
997 1921
2341 345
3105 4229
3945 3872
3615 2962
4142 1253
637 4128
4039 1338
3188 1500
3819 676
1250 1061
2443 1756
4194 281
1336 3440
3100 3545
4362 3662
2764 3406
3153 3410
758 2279
2729 3796
2390 213
513 860
945 3168
3182 798
3380 3689
744 973
4204 2707
408 289
686 3984
3993 4127
434 3190
272 832
3571 672
4186 3882
279 3319
3346 1062
437 483
1849 176
3078 2345
1719 1614
2385 942
1099 823
2170 2064
3338 1254
3897 1743
4239 1409
1013 2268
4104 1428
3429 3778
2382 728
3095 3167
3761 2232
256 1751
1445 3334
2339 2081
2448 1180
1356 4085
244 3247
386 774
2896 1993
1797 3348
1599 3666
2929 1461
1805 3317
2178 738
551 458
2856 587
3844 2819
3597 1160
3301 2477
1592 1144
1661 2412
1986 1133
1950 3947
346 3392
998 2626
1630 3507
1927 3308
3373 2496
1104 1416
401 1872
2321 1711
3177 2499
4307 4334
3176 3656
1549 1035
71 885
1514 3047
2703 671
2252 4109
3068 366
4295 1191
3193 2230
1417 139
1616 2785
385 2386
2866 1914
2161 1647
1273 1064
3558 1600
3389 1848
88 2068
2121 1566
4034 3378
1740 925
1831 1989
67 1954
1587 93
599 975
3049 2967
884 2153
358 2498
3587 3883
862 3626
307 3202
1655 1641
2302 101
3868 2467
4235 680
4163 4377
1328 3412
2931 1206
1908 1405
578 2422
2742 1266
1815 4045
1212 3748
1640 185
210 201
3332 4312
1727 2620
2392 175
2366 4160
2910 2095
1667 3325
4404 489
3253 920
947 4003
446 4321
4057 3738
2284 3899
2968 2131
1125 2416
150 1930
654 766
836 230
978 1961
173 2127
2807 2666
999 3665
562 2644
3477 252
4074 4061
1631 3155
2489 453
2287 785
3566 3679
890 812
3691 2814
2527 1675
12 2293
2850 2769
1504 2574
814 908
2686 1658
2463 1611
1467 219
2144 1934
383 1324
3488 2951
3072 1517
4306 2471
1502 593
514 2675
373 2739
3129 1123
2689 904
66 3117
504 653
2697 1381
1423 322
482 2847
3401 25
3608 4393
24 2155
3797 3210
2039 1799
4343 2181
3871 930
690 1114
757 1509
2050 3455
2827 2718
3698 3620
3364 1760
3975 2411
3632 2399
3447 3937
1085 3145
4371 3617
2145 2636
1562 3092
2384 2958
3579 3467
4174 776
459 914
3902 3543
3424 1644
1935 488
379 2863
1193 2449
1215 454
1847 1512
4256 4007
4089 3370
3219 3880
2380 447
3231 2393
897 2845
1108 3869
4348 4187
45 1949
4079 2588
2938 2732
2609 2750
555 1083
4263 2167
315 1983
2024 2724
2461 1796
1219 296
2400 3056
3076 1113
3973 3584
4363 1767
1708 816
1176 3415
955 501
2876 1331
2338 4038
2306 2250
4284 3050
298 2864
3454 354
536 1116
2547 4134
2388 152
4191 1000
3692 3492
2841 102
1157 2553
187 398
1623 3046
4009 934
3940 3513
2942 3140
2645 79
3537 692
2933 163
3783 2737
4274 1305
3594 781
994 4230
2288 4241
4249 983
248 1811
84 117
567 1833
655 561
1538 2343
1624 124
1570 3324
3215 3506
1625 615
2717 496
3497 2832
2932 1318
3676 1130
2723 1695
2524 1723
1444 3288
3668 1971
3541 682
1341 1948
4376 4384
1026 3254
3199 2111
1286 3885
977 1019
3539 127
767 847
2030 2246
2146 516
1579 1755
1992 2991
864 3988
1217 2470
100 42
4087 3732
4094 2088
3553 820
1452 3339
2577 2331
3107 3165
506 2640
4344 2871
1958 1947
3820 2890
1729 3736
4108 4026
4232 926
1990 2501
2802 310
1479 2080
1223 32
2438 3634
3595 2091
2831 1017
3162 1556
1414 1974
3183 3124
3054 1136
1124 1462
1101 3564
4208 381
1706 1494
3784 3483
1140 2406
1263 2795
1832 2335
2516 911
2982 4355
3446 3305
982 1135
1988 1321
4032 592
1466 1187
143 1977
1776 3451
1770 87
2346 1886
1320 3432
1898 2478
3359 2569
3538 946
2672 234
759 3172
273 3465
2572 4153
677 3758
2637 263
1643 2140
2829 142
741 1018
3916 3038
2898 400
1798 1969
3098 167
1593 1186
2550 1627
2757 2269
1702 2730
3635 2748
636 455
64 1009
2743 4180
177 845
4151 1169
3478 1052
2884 170
1819 13
630 1267
4140 262
1922 3943
3802 2162
433 566
663 1326
3144 783
1493 1364
3170 1714
1429 2771
1628 86
3166 1297
469 3791
526 2310
2332 645
Ne.
941
2682 1076
2939 2770
2130 1510
2547 1610
2918 626
2280 3507
1170 215
2052 3213
653 1774
1541 350
3303 1370
825 527
2450 3403
3632 1455
1715 503
2777 3143
384 64
362 1146
1416 1922
1126 3411
1515 411
2634 1083
1151 470
1889 320
2925 3558
3537 2212
2444 2914
261 3100
2411 2476
3327 2470
3410 2950
3017 640
3529 196
2244 3106
408 190
2560 3144
1396 910
2806 1372
2679 2238
2020 1317
21 808
951 2436
3455 750
692 2135
3056 1639
478 1908
2085 294
2510 2185
1276 2653
2916 3672
658 636
110 2816
1232 3163
3592 549
743 296
762 3683
2675 38
749 271
85 1851
2922 3424
786 1246
3666 3092
497 3420
987 1149
15 2545
3384 1946
3601 1252
2809 2303
2331 469
2605 134
352 332
1138 2947
3511 2192
3025 2489
2217 1209
519 69
3034 2568
2823 1901
1543 2383
3297 1801
577 2199
2240 1091
3395 3135
2751 1386
1728 2342
1272 491
2003 2869
2686 2369
3587 1983
1212 1755
3241 948
1222 3393
1101 1559
489 2996
1271 1875
2579 2628
767 3412
2668 2151
2957 854
875 99
1290 1401
2761 565
2064 2799
1694 2285
939 2924
3268 3257
861 1669
1490 862
3220 3161
3375 1127
779 2276
1678 2015
2453 725
760 2124
2993 141
1748 1956
3366 3234
2894 101
111 2802
2546 3605
2640 1314
2301 1698
3037 1450
2527 450
2200 102
2375 1008
40 204
1015 2066
80 2739
1647 920
14 166
1 570
3487 279
3362 1174
2622 3417
354 3665
292 2429
2229 3302
1079 2139
3341 3305
1738 1405
1489 2694
20 1402
1235 2399
3477 1939
1087 3351
2482 2378
3378 623
3530 2021
949 2586
222 1254
387 2541
228 2721
631 1783
892 1762
389 3731
1066 3432
3261 2040
1120 967
752 176
1007 2145
883 2350
106 2367
2631 2031
664 2327
1298 3479
1683 2394
3188 734
555 76
422 1460
591 1439
2416 3129
3048 431
324 2954
635 1621
1806 50
3042 363
3324 3675
946 968
984 957
1189 701
2796 2707
2017 2517
2492 3509
1881 160
1597 2203
2374 3150
2930 894
2797 889
2741 630
895 3398
452 2232
2512 2743
3669 3680
1545 1630
1746 1898
1632 2980
2951 3566
2090 446
364 3189
3570 1128
3600 3020
170 3440
2258 424
2158 1497
3692 2400
3231 82
473 932
26 850
1977 688
2629 2740
400 1114
3624 321
1471 662
870 3045
2504 3459
803 1105
1476 2683
172 651
1165 1322
2442 1480
260 2798
86 733
587 3198
2569 3594
2133 1931
127 2773
601 1176
2763 1716
3441 1494
2148 2647
2473 819
2548 230
1781 1352
993 444
3661 2877
84 3212
1337 3650
1539 3251
1050 455
1824 2284
2892 1228
2651 2211
23 868
3139 3713
1972 930
1023 1266
1182 3190
2144 402
2949 1757
3062 2755
3380 1304
3178 3481
590 2910
3245 3295
680 1334
3146 2153
2294 2257
1933 223
81 2149
1324 281
3422 2597
3278 937
1887 3232
2613 1879
1853 1787
1534 262
407 1355
3715 2876
3186 3118
97 1800
1504 1348
416 847
1216 2357
2126 1389
2565 3490
3640 714
715 3583
1637 789
3084 1542
2032 246
175 1123
3047 800
45 2774
2903 2041
1721 1009
3691 793
1508 1627
2073 3585
1998 3442
415 1975
186 1211
681 55
1060 2944
3076 747
3240 969
2856 1690
1188 3408
2730 263
2601 2172
655 2063
3418 709
2900 2405
130 3618
1171 3606
1844 517
3595 2117
214 1954
1556 1687
2299 2418
3001 3154
1573 3538
2948 367
633 2035
1674 3547
2069 2129
583 1743
2025 3343
758 832
1178 918
208 135
330 1516
1703 1345
3540 3019
405 18
1733 2585
2484 3168
1591 93
3561 2070
98 1924
926 1407
1688 1566
1744 2114
742 3093
2179 2171
1763 1848
1116 2256
2976 2805
194 1596
928 418
2521 2759
643 3223
2825 2998
2472 3610
2393 909
2403 2014
382 3383
2385 3484
2639 1882
3705 1169
1686 3307
746 2814
2734 2646
2225 1162
2095 513
3404 2616
107 1063
167 3568
3088 1885
2498 1311
2889 594
358 3228
2457 2561
2886 3192
1099 373
2183 721
1330 1346
2209 2991
1312 3623
3654 3489
2878 3052
2406 3405
3505 2696
844 441
1713 2812
3065 1575
3556 2791
621 728
3060 3517
1395 2656
1557 2191
1593 2360
1220 2808
113 390
729 2703
1426 211
1200 963
3158 697
1152 95
3699 1938
3137 3053
3321 1300
864 913
3006 2072
2803 205
2108 689
2644 1210
496 763
3005 257
2864 3239
2732 1420
849 1026
2338 1161
129 2127
2535 1448
2551 523
2296 1671
3734 3472
537 1699
1649 3428
1684 74
1032 2779
1180 1285
3523 1110
2054 2173
867 2254
225 3209
1043 1102
2680 1817
284 3677
177 3633
477 27
922 2847
1681 1018
2335 541
1536 1075
1962 2829
1985 1295
2818 3525
451 3003
3456 2824
1136 22
3603 1770
315 2311
3662 132
361 3588
556 3269
16 3288
1467 1090
3476 1990
436 3164
1119 3372
2455 366
319 3641
3394 3123
792 3450
2415 3638
2684 19
1328 339
1017 2469
3339 2499
2262 220
1446 543
2477 1062
1952 771
386 3014
2987 1042
2387 1969
1986 1776
2468 3167
645 423
3253 816
1625 1221
3576 161
1005 2141
1941 2475
1661 3685
1654 2786
2319 1296
936 903
1704 2505
2531 3611
2606 604
3461 406
1158 3546
133 3015
2663 2036
2966 2849
3087 1805
3330 1978
2908 1819
1484 2048
2915 2390
2649 1107
2868 1292
2143 3377
3249 2997
421 1753
876 1514
1633 580
834 2027
3105 2549
2197 4
3704 2553
1511 756
2881 440
3049 2518
289 2106
34 1726
782 3263
1308 639
399 3171
231 2247
258 3467
833 775
1784 1535
504 481
5 676
1469 532
126 1519
427 2167
434 2570
2875 2659
1431 37
3630 482
3202 1486
2096 2362
10 2428
270 1201
146 1634
552 668
3328 1598
2340 1027
2292 1884
2046 43
2572 1599
3363 463
1902 197
1382 1611
3038 348
275 654
2456 700
3360 1760
249 3710
652 7
2822 3711
310 2681
2419 309
924 3466
1388 893
2122 2555
2208 596
2493 3057
2321 1055
51 1999
521 2699
3148 3542
2748 1472
2104 774
2917 2834
622 2201
3679 2589
290 2891
1603 814
1646 218
2228 1041
147 1592
2175 724
163 3562
268 1899
1764 226
972 3729
1347 1173
1643 2992
1150 453
248 3050
1677 1214
614 1274
3381 3160
2926 1754
169 3333
798 334
1567 598
3301 3545
1373 1000
2725 1825
3674 880
2895 3338
3170 2787
562 1892
3086 929
298 3707
1976 1701
3369 3736
1353 2720
1004 841
488 1583
253 255
696 1827
492 2081
3590 3500
1094 3172
2702 2337
1080 273
3200 2094
495 1612
2576 2771
3002 1872
3581 1965
2700 3055
2692 1014
2919 3414
3191 1302
432 417
1452 1376
2542 1368
311 349
2624 3437
1059 2060
919 1624
2065 2261
3023 2985
1710 229
901 1867
1845 2260
783 2507
1840 89
3651 1572
109 3145
1390 1766
1391 1773
3248 1067
2534 188
2068 1587
3201 978
3323 83
2833 3591
1970 2300
1859 2752
1500 2612
885 3485
1546 2478
1656 3560
641 569
1809 1532
1714 54
2883 3602
599 3021
3513 753
2638 906
1830 328
1626 959
2736 2177
1507 2620
1359 985
2304 3439
3413 3434
3567 1262
3649 183
210 2717
3147 578
1065 1735
1488 409
3226 3258
2830 1342
1548 2567
2178 2874
860 606
2537 3684
73 2176
2424 2971
3099 1834
912 1595
1980 3293
3421 545
442 2309
3131 3727
1499 192
300 3702
331 1175
2 3054
299 2251
838 944
1319 3358
2513 980
2352 3
1325 938
1657 1267
1961 2010
3519 3656
3451 586
3157 1964
2480 1718
3527 712
181 2893
2795 2339
2845 2704
2635 3644
2318 61
3083 3334
1615 3397
3495 2164
1558 3482
1623 2882
3725 1896
1794 2245
1761 2413
78 1680
2723 2496
1670 2155
1029 1959
58 233
2828 2920
1994 2928
2194 3582
1081 3308
3627 856
466 3689
3686 1378
2661 1115
3342 252
1156 2282
428 3029
1914 1865
748 704
2978 674
3454 718
2959 301
3634 2706
2530 3379
999 1731
2859 1238
2121 282
571 2263
507 2691
695 1697
609 1745
3149 151
1141 1333
3298 2414
2451 2642
1927 1387
1967 155
2677 575
1790 644
3204 1505
2789 2306
787 1270
2448 2059
2033 610
1040 634
1084 908
1400 2079
593 3604
2042 2454
41 520
1130 3359
383 3136
3184 871
2349 2934
1082 1709
1341 3498
1503 1588
1479 711
1233 2632
3199 443
1409 2497
899 888
585 1215
784 370
2471 2593
3063 2084
3616 195
961 1811
1309 1057
827 682
2320 2563
393 1582
1339 2043
108 3354
738 2101
2308 3211
2794 3559
2820 317
3325 1955
2365 505
3703 1877
1385 1287
420 2344
986 1269
2216 31
1031 3085
538 754
1502 3227
2433 2242
1945 1204
1088 1454
12 3115
755 3668
1078 1900
723 1493
1421 2409
2776 1132
713 3553
2030 660
3101 2097
3134 60
1905 1374
1798 2029
3267 2960
2514 2269
2817 2220
464 3453
430 1751
2407 983
553 852
2906 2552
502 1747
1072 671
1717 1064
3329 178
2902 2785
1033 1248
1049 839
2523 3620
2544 794
2268 785
2927 2964
1768 391
3194 2166
2372 1411
180 1756
2693 3696
3116 544
280 1894
1658 193
304 2397
3165 2582
2598 137
528 1140
2899 1736
439 2445
2022 377
582 207
3322 30
3682 2866
1860 272
266 1909
3155 11
3051 2501
3614 1412
603 1520
3720 2718
3709 1124
3349 198
2940 138
1301 2334
3368 884
120 3735
2348 3491
3075 414
616 3011
3571 3250
1759 3364
1286 2506
2233 719
840 720
3007 1167
3120 1513
1496 56
3719 494
1291 1833
612 1459
2592 1112
2053 1895
493 607
624 372
1850 3078
3311 206
1629 3319
1589 2609
2305 3435
3235 3515
347 745
1277 2495
530 716
848 1137
2662 1631
3317 1609
2310 824
3557 3113
3314 1331
2500 3706
67 1046
2766 2210
2353 2221
2931 3386
77 1991
3210 897
3265 2804
2483 1841
1606 942
615 2231
1778 3443
6 419
340 669
1767 2264
3013 2213
2291 2281
3275 2467
2550 890
1435 3714
2714 557
3274 2466
628 1526
1077 70
3385 1963
1679 1381
2464 3389
2942 3110
351 1842
1259 480
356 404
902 1256
1198 2341
3549 2272
3287 2619
574 1358
2373 2532
955 2588
2326 3361
1097 173
2188 1011
1706 3541
2722 802
2286 3506
1586 1835
3425 36
1393 1338
694 3701
1035 1562
1868 2742
325 994
3306 1449
2100 3289
1153 2608
764 1194
1410 35
3569 2270
1468 2494
3312 3573
Ne.
733
599 1000
1193 705
534 581
527 1705
2752 1725
362 1089
14 1283
427 1497
1890 702
2496 568
320 516
909 1767
121 1024
440 815
1970 1225
2386 459
2472 418
1909 2616
976 1607
2026 2000
1100 2343
929 569
1813 2101
2614 1119
2079 35
32 355
2076 2201
1394 666
2074 1762
2738 284
1469 2582
2300 2670
2168 2370
1546 2383
2365 2186
1172 877
2854 174
2667 2236
119 1545
2598 1163
1731 1969
294 2080
2270 78
578 2780
1865 401
1765 368
1711 1816
138 413
996 1669
2845 1880
653 1284
2354 399
1895 769
1713 1002
2877 2566
1456 2188
2996 307
82 1517
868 2231
2530 2612
1799 722
2662 2486
2712 1908
676 683
16 2394
1238 624
276 2022
2912 116
1376 505
1022 157
831 2294
1136 2027
1457 1751
1327 2406
1888 2171
2686 2751
266 2762
377 583
2037 380
2534 1336
184 1095
574 917
2277 605
2938 2381
1525 1544
1425 150
1062 2826
1151 488
2388 1021
2872 1414
146 450
1580 238
659 1266
1216 590
2189 2694
374 2263
2159 893
1025 152
491 1852
2089 832
566 2615
2336 1798
640 330
2898 954
2106 1985
2863 2371
1045 308
77 206
387 1420
576 735
1523 67
394 175
865 63
747 2488
2982 1064
1244 611
1070 2822
180 1396
1234 1434
2926 2801
2731 712
1445 580
602 2776
2921 2419
2975 2819
483 2579
2959 1212
95 1426
1680 2328
1492 1162
2134 2493
2147 9
2981 457
2307 133
107 1764
655 373
2338 700
816 1557
2366 2360
2017 2785
68 2643
2866 1668
608 895
2393 2963
542 1550
1794 2192
2290 2842
940 378
817 925
1833 2282
1964 1941
1398 1359
2379 139
1123 2512
1113 2253
1412 1449
2274 1617
131 2157
1522 58
2726 5
1976 511
930 2554
1775 2031
669 1928
1796 1474
4 2160
2656 508
60 1367
1772 864
756 1476
2560 2337
1454 1904
661 196
2859 2890
414 2070
737 721
425 2339
650 742
1102 45
2856 812
2376 1066
1087 43
2666 205
1530 2504
974 1520
2608 291
2098 1262
1479 2114
654 908
1259 2209
1700 2264
2968 992
1660 2561
704 1094
546 2564
2130 588
2749 2796
275 2516
2518 1072
878 879
2867 452
1827 2470
258 274
145 489
628 2868
70 2086
2648 1549
2992 2356
1609 886
271 1483
305 2674
1369 1381
2162 420
72 2553
2187 300
1524 1635
2404 2375
1715 202
933 923
604 1003
2779 366
2725 2685
31 1361
80 647
1413 582
461 540
2511 1467
1202 0
777 1372
819 738
1321 1173
548 87
375 89
617 2416
136 707
2706 915
1306 1491
1286 503
1935 2065
1679 2380
1727 1967
1979 2729
693 46
2361 400
1005 1912
2490 370
828 1351
978 81
2494 2951
2925 253
1686 1377
318 1735
2153 625
1567 1300
2658 2223
538 501
873 1334
118 754
2072 1570
957 254
2206 1959
259 637
500 316
1052 1178
1210 1220
890 980
1536 106
1401 1340
858 56
1480 1709
2442 2401
2359 2036
1071 314
823 658
1418 651
2861 1592
1009 626
367 487
714 2522
2015 2772
2286 1428
1678 1886
1552 2420
1671 2903
1789 333
1065 692
887 2794
1829 1054
2870 2391
111 1191
1951 438
1271 1355
1921 772
2473 1030
1092 1844
1038 990
2340 2509
2326 1142
237 2849
2446 2914
2480 1621
1721 2041
1150 975
1845 215
2421 1318
2364 1495
2064 17
1448 720
12 2720
2767 2528
172 340
1744 2498
2927 315
1914 2258
2438 2878
20 62
26 1942
2552 185
1922 2828
1484 1409
1644 2084
1892 2271
1831 2886
2091 955
1127 1876
1063 1623
1031 2944
1610 804
916 1049
1357 603
2679 2422
1760 883
2642 2163
1652 1814
1965 2061
2459 474
2824 2181
485 2924
301 2618
437 1088
2247 496
689 322
1828 428
383 2111
1035 728
2825 1447
210 2892
780 134
1247 794
681 805
409 2733
919 2803
708 325
1757 2644
2922 1851
2152 1981
1927 2503
235 1982
2804 1400
2876 2871
1245 1703
2971 552
1667 1466
1860 1138
93 165
2412 143
435 79
2532 1612
1891 1733
2090 1129
1901 2151
1500 2234
390 1898
1452 142
363 1537
1209 2722
668 621
1085 1493
1809 1641
1128 2349
1203 788
2514 2175
1811 2069
2185 385
2266 1275
1884 674
2771 1302
455 716
179 2448
1086 22
935 1186
2273 793
1987 2099
902 2049
1785 956
2676 572
2701 850
770 2334
2568 2203
1911 11
2191 1781
1915 2110
725 1745
2155 1207
1989 2120
2578 2142
2929 2515
687 848
1980 137
2506 2545
936 2454
2246 2631
2880 297
1155 1893
2693 932
1627 267
618 448
1674 939
988 835
1559 1217
166 660
753 462
364 2836
518 1734
1118 699
645 1074
551 329
1373 1896
147 1292
1120 2623
1783 1509
554 2117
1808 2597
1252 61
2660 140
1948 2732
911 442
2654 1863
83 2352
2058 242
2774 2905
403 1824
796 265
1325 164
225 575
1518 983
335 1940
1825 96
506 476
471 23
1105 1588
1694 2056
765 989
2392 1515
2292 927
729 844
2068 2245
2630 1855
775 2739
2306 2967
1841 644
1581 1183
458 2275
2016 1907
86 1109
1692 2116
7 2759
2362 1415
2934 2709
1832 1954
1460 2014
1984 2750
1929 486
1152 2986
1962 1857
1718 854
2689 768
642 1288
966 2390
2703 2745
584 1875
779 855
2081 730
2937 292
1363 112
2621 2124
1649 2353
620 719
2228 1604
1939 2940
629 709
2768 557
2955 361
963 209
381 1752
1771 2221
1797 944
2632 525
1144 724
50 1936
2753 2285
757 972
2590 1176
1712 327
1429 1543
1684 2635
444 246
1117 1168
2315 1061
2423 1539
1444 2607
1096 2831
1462 277
1371 1741
1016 1656
306 2024
1728 2500
2039 667
123 2918
1707 115
758 2820
833 2843
359 1260
2655 2476
287 792
2465 1141
2550 691
124 3
2838 2355
2322 2019
465 2402
2611 2682
1562 2860
2556 2009
1294 1032
715 2190
2431 1613
447 241
2403 1324
1869 1868
2121 958
2452 1722
822 1726
470 532
2769 2525
829 51
2519 2755
2374 1237
1223 1331
1931 1708
2683 2012
141 1792
1961 614
1222 888
2669 1528
2331 1060
1440 1171
88 1248
108 1158
2930 1889
1464 2021
1177 1698
2799 842
2062 507
257 2042
2756 193
1512 1198
1866 2418
536 2974
472 2807
1672 478
2025 1630
2248 2773
1190 1563
1603 2816
2510 1101
971 1308
781 2599
881 634
1053 1511
2502 228
1747 159
1651 1565
451 1688
2882 2806
357 41
1658 1272
2681 2718
1903 2178
1568 1090
2895 350
1289 2699
2174 2585
2439 1729
891 856
813 1963
607 1337
2475 1184
1121 431
199 430
1106 1256
2497 2852
601 787
194 2973
1699 2461
2884 1438
1263 2700
2450 1788
37 2445
1821 1424
1631 1790
821 1402
1995 173
2053 2883
717 1496
1846 961
991 234
543 2243
285 1255
558 1309
30 2787
686 90
2818 2714
412 1547
2492 2716
2288 244
774 889
2415 1310
941 369
1597 723
2119 2210
2943 466
1104 2029
533 132
1393 2775
2044 177
203 91
1265 2622
2748 227
1463 1039
1197 188
149 2268
1983 1019
2800 2067
1246 2970
2241 1818
1350 2489
1083 434
2055 1791
114 2463
2129 1385
338 2093
2097 2329
596 771
1307 2075
2135 1027
2850 2633
2640 2295
1165 559
2127 2904
1629 1227
439 2698
2444 34
195 1103
341 1317
1110 802
2985 563
1439 2327
2443 2008
2558 910
519 931
1749 1115
706 1458
2317 2501
1499 2256
2341 1695
473 1001
1079 2085
845 1297
1899 2987
2484 169
749 1304
885 1112
347 1748
1410 2521
1036 1758
1953 648
688 2533
245 49
1535 2156
2888 1382
99 2928
1296 1196
1720 343
1853 1122
744 586
1405 2003
1742 2663
1862 1755
2646 2217
1847 759
163 652
1200 1879
2342 204
130 2559
1139 1817
102 2467
24 344
2320 2945
2347 1666
1952 1341
862 2671
814 2284
734 1804
1077 2216
2547 207
1571 825
2766 2813
449 208
2741 803
1910 2942
2770 1977
1411 1955
2305 44
1380 66
187 1999
1836 42
2261 1881
103 1835
2781 392
684 100
371 2345
2960 2449
Ne.
529
1385 1172
1404 1405
1804 146
1180 1922
49 1023
1042 1289
1799 82
2023 1175
1053 1630
370 1315
204 1584
1192 86
1740 1502
816 1789
1376 1524
1901 392
1848 954
1418 1026
543 750
340 1263
1791 1179
1574 1513
922 375
673 735
119 731
57 776
1732 818
844 835
753 333
1766 502
1366 1343
385 1838
532 265
1491 1902
318 527
534 1844
2041 1565
506 436
719 75
403 1472
576 1532
1659 212
261 1877
1774 1306
969 441
54 1931
1476 971
804 252
1921 1641
736 43
1413 485
1372 2060
1295 1731
306 1309
260 1051
1197 946
1863 277
798 1688
854 1444
797 1666
1761 1159
802 38
366 134
1878 330
345 411
982 1691
1780 961
1635 970
881 328
659 1124
170 1339
1916 1755
449 341
1915 1756
1872 463
338 1287
795 1056
143 1874
800 207
115 113
899 1591
1623 1371
1898 1370
1949 138
620 1947
35 1561
1062 94
1322 947
1546 1219
1797 1846
1568 905
675 752
860 1935
389 334
1085 1369
1995 536
145 671
1342 872
1323 546
859 1553
822 312
610 934
1689 317
1883 1861
1471 1168
1377 1165
1133 953
839 1319
1073 662
1668 127
136 124
169 2038
1645 1985
1745 1819
188 1274
36 1537
1617 1433
1998 1764
1681 2006
955 2
2070 87
413 1045
604 1593
1313 91
870 602
1708 1437
1362 258
1930 1128
739 1541
1552 1400
420 2055
1161 418
272 1580
197 1426
1243 2001
572 1336
12 1079
1213 1849
454 1858
327 1642
1905 1166
185 618
1265 623
1419 468
243 2029
382 183
851 1735
666 1348
116 803
1196 1395
135 1361
646 1109
1967 634
1442 111
476 1746
1806 714
904 1459
1704 1622
615 1871
507 1605
782 1088
1231 1790
1932 1354
1401 1206
1106 1763
68 1765
790 727
1033 1968
1554 1126
1198 1140
96 812
416 1500
242 492
365 1587
1321 785
1972 247
1227 174
927 1976
99 1134
1583 583
464 442
524 1145
948 466
500 587
830 166
84 1683
2049 1449
1156 667
1089 2063
1105 399
56 2033
405 1100
1072 672
1466 1208
424 1589
1409 2072
807 1150
48 1214
159 1665
2021 1121
1448 457
1907 152
1101 98
1618 282
1771 301
2073 314
1488 1991
748 1807
1129 1904
931 619
582 329
1076 1390
480 1710
665 886
1965 400
92 951
843 1632
1841 888
407 1717
19 900
244 755
193 1363
1796 1700
1155 323
656 545
1269 153
1441 1831
1843 1393
192 624
1020 1092
1389 198
1759 862
1679 558
139 1925
565 156
381 1152
848 771
195 326
594 1074
206 1650
1730 1067
531 1050
1592 257
71 655
1091 123
1535 477
1986 1010
1506 1316
1547 919
1473 1422
324 1087
660 462
1048 1658
1284 1873
591 1987
884 161
2071 1374
103 332
483 933
1412 1057
240 1862
1022 1489
1423 6
1460 1882
1416 1974
1164 2030
494 1839
1881 1499
657 1285
1139 658
1640 935
1349 1703
1115 238
435 528
1494 677
1247 147
560 1130
432 1047
255 1222
45 723
322 1223
95 768
1485 1141
187 378
1268 561
814 680
2039 902
2076 596
509 1482
1144 791
741 1808
1004 160
1997 930
448 1767
443 1505
626 459
1176 104
1567 557
1598 957
1439 354
1002 1837
1255 1279
1137 569
1684 178
1486 17
831 1425
976 201
992 1556
608 874
1340 1842
1628 270
2034 1893
1827 548
1450 1707
504 508
821 1646
1516 254
309 191
697 58
415 895
473 920
248 363
83 770
380 1910
1493 892
1747 1170
1024 1996
592 1792
1003 1492
962 234
398 648
1511 1420
1373 76
150 614
1673 691
856 571
1859 505
555 989
853 1734
1495 1240
580 287
936 1944
2010 1712
27 355
829 1331
1399 1649
703 1942
53 566
1353 1009
144 611
996 1836
2002 1018
1971 1833
901 268
944 2026
1457 88
484 1430
1687 1261
1039 1171
1077 1338
663 446
1970 2068
1347 926
1200 1868
44 2065
499 772
1195 1242
520 567
132 827
1095 182
1267 889
1729 1830
792 1748
1007 873
858 1187
2009 1953
832 1616
636 2036
26 456
588 1304
1001 1154
1867 912
445 761
796 540
1470 1177
1544 1951
1653 503
1220 1727
637 1768
542 1992
28 1864
784 1167
1359 487
1812 1266
1075 1620
1714 1253
706 595
563 1603
1887 1798
1061 1186
1667 1772
362 2012
1816 1138
72 1381
963 762
965 2079
1531 453
51 1346
1994 1959
118 2015
200 1326
486 1989
924 1054
1530 41
284 165
102 105
1672 2008
1475 678
1643 1375
1636 669
1432 730
1029 357
155 825
1891 285
337 696
1447 681
120 1402
1962 649
628 745
877 1406
585 1824
622 514
1260 1382
715 906
530 538
1578 1365
918 1282
1669 208
1368 2011
1428 1032
213 1408
397 629
1514 1576
89 175
10 1600
1752 523
293 1356
1364 1328
1411 81
2032 879
291 632
97 1248
1458 386
1157 296
840 547
433 1719
589 923
805 690
2018 224
985 168
1481 880
1888 1000
1903 710
721 1595
1624 1021
1757 1257
1358 1034
990 1453
302 163
74 1773
1788 1094
1981 925
1857 1234
670 1697
729 1011
1241 643
1378 1523
1695 1975
2031 408
2045 911
1299 535
1142 1113
633 1345
518 1885
59 991
722 1693
1677 1132
1637 809
692 1983
335 1795
701 1529
521 738
1314 220
8 1742
1897 133
266 1438
1866 1528
1674 253
630 210
683 469
1394 2005
597 1131
845 410
137 406
742 1391
1025 1577
625 472
1606 177
654 1463
1012 1469
216 1117
15 1191
273 1451
885 351
1834 1854
907 964
202 1415
699 682
513 994
1993 725
278 1049
1218 1221
642 1663
617 1058
834 1431
1386 1933
1787 1483
495 1038
1421 1570
Ne.
697
322 1808
2184 1116
1095 320
247 1554
543 2327
2370 2105
316 1856
251 2400
1106 808
2263 246
627 2347
773 580
1767 2406
703 1203
794 1008
2844 2515
2714 2313
334 1131
2416 1083
1547 1420
2125 2241
1049 1063
800 2152
2518 1362
2666 2509
1536 1473
1139 674
1888 1798
2837 2442
55 2621
368 2262
2655 759
1873 2835
1406 2425
883 1145
1071 204
1092 2356
940 1254
700 699
220 1583
1661 2300
1623 2808
403 2065
2678 675
2081 1534
406 2247
2771 2594
1165 92
1441 1448
195 2757
2215 155
758 217
1993 196
1384 1037
2174 2120
541 1564
2303 1500
2828 152
859 367
714 986
1275 793
1928 1102
1722 867
1979 2076
1104 1572
2101 1054
290 1155
2046 1025
1575 2794
1966 1634
29 1871
2843 1528
2555 2495
1815 426
1915 275
551 1339
231 2463
1692 26
2734 2618
2393 355
2766 1338
2382 599
2249 1241
48 1666
692 30
1645 1383
140 1760
2239 1060
1777 1690
1790 819
2506 2770
1673 1314
1647 2069
777 1659
667 1648
2597 374
707 2482
708 1210
84 345
852 1785
150 205
1256 1916
511 237
2048 1289
829 815
709 2091
1345 1768
1229 478
1595 227
2538 2248
1743 1312
1973 1405
2340 970
1363 80
1651 126
1702 1748
2605 2155
715 74
1823 359
2746 284
1207 2121
1356 158
1424 265
911 295
44 2034
722 1851
1875 1502
1227 299
2085 2035
1838 423
27 1274
2224 1374
2701 2730
2352 77
996 1849
2305 565
1044 2533
1965 2297
1108 2139
1778 2800
1563 1650
2324 1611
2077 280
853 476
685 1989
1332 637
229 2332
991 1297
2195 2479
1715 2163
1792 1620
1461 448
1588 1190
394 303
519 2271
2207 698
577 2671
1711 566
2759 1045
312 2219
1930 2793
1421 1602
1741 897
2508 2097
1046 392
508 521
1041 2036
609 2545
179 1556
1337 2855
1770 2480
1531 1627
101 338
2154 2485
248 1149
2232 1358
2225 2295
2529 1801
2230 1655
1127 1796
1481 1686
2280 1105
2581 226
93 1248
1618 1258
797 282
1524 600
1055 1964
272 753
2345 1019
2598 1129
481 1978
159 2643
936 253
529 1306
438 1376
2628 2638
2038 1891
2461 1957
992 611
254 1789
1703 2452
2079 1132
537 1401
1477 861
94 250
642 200
737 2178
1399 190
2820 2147
118 218
1691 2521
2326 799
2142 238
1137 88
1196 207
2814 2785
755 765
1887 2002
2020 2012
874 1096
570 945
1772 2427
1881 2231
2308 2323
1833 937
601 1028
202 2164
830 706
336 1594
1138 1143
428 1099
1517 2486
362 2283
185 1958
1313 518
105 842
123 1292
1896 1101
1442 2851
2779 1164
1612 1110
266 1000
2168 555
2146 1074
2613 2228
2210 498
485 1879
2045 2256
1278 1909
2221 1737
2615 2379
278 461
148 711
2330 1090
2167 2140
2279 1197
1819 1445
1284 640
1029 1906
1736 994
1446 340
696 1459
1494 2255
1305 1921
1023 495
1558 807
774 747
2111 767
1121 170
2088 1015
964 2733
38 1377
2846 2639
1440 422
1857 1593
2650 1962
311 439
1999 2006
2424 1066
756 726
2574 1211
2723 261
2684 680
2124 1176
2413 822
603 1797
2137 2484
2072 547
337 2287
2563 310
633 458
597 479
1172 115
1764 1860
2030 1775
1223 1972
664 2591
2383 2141
404 2298
2363 1205
2523 347
1234 1462
2401 1807
2489 42
50 522
40 2160
655 1846
1293 2175
2775 927
1353 1094
1072 2229
134 2414
13 1619
2448 2059
1122 1485
1040 287
1806 1835
1925 556
1030 187
2426 1386
656 2132
1395 2729
2050 314
1603 1100
1107 2488
1631 1560
1428 1140
443 2268
813 1214
366 832
1668 1020
175 162
1721 1146
1282 503
421 2652
2627 87
1511 1021
2451 615
2353 2803
1684 1800
1523 385
2632 361
1850 539
631 2852
862 216
221 2422
449 803
1086 1319
2364 1628
2630 39
2686 2607
890 208
1708 2024
2086 71
2246 809
538 418
325 43
76 1501
1064 1883
1085 573
482 2270
211 2090
980 1657
2135 1328
1821 939
1187 82
2380 1963
1939 616
2104 653
1497 552
576 2199
2257 349
2094 979
2494 1917
2850 1117
2567 3
1664 1036
995 1729
131 2831
2187 876
2573 504
878 1733
966 387
761 1811
161 2737
1745 2134
372 2664
2559 775
1311 2
1158 1398
2656 1886
678 2180
1912 2385
1946 1953
1682 1181
855 1024
2604 267
2634 2624
1900 16
695 17
2608 778
46 2407
869 2556
2430 515
2857 868
469 2320
210 388
2144 934
892 2732
1646 2080
1728 1142
1042 902
2019 2049
396 839
2027 2721
1545 2491
223 1990
1676 2397
1576 1204
2070 586
1555 2435
1192 1740
848 1014
1053 1509
1571 2098
2719 2436
619 1844
1388 1986
420 1017
770 2809
1484 2003
2253 1162
1244 329
2744 1199
2540 846
36 2193
182 2360
2157 2761
346 2043
285 2465
2074 424
2127 1170
528 2131
1404 1365
321 513
724 1847
181 971
133 1091
2073 1698
2240 1330
73 116
894 679
333 1307
649 455
2392 1908
984 2606
2042 1589
389 802
1744 268
2683 741
1633 2481
1394 1166
2082 2853
1352 1351
2022 1009
2478 666
1119 1506
660 1894
1882 2610
1262 2745
376 2371
2149 1557
989 1642
630 2145
66 1746
2487 2677
2741 841
1877 1335
801 2763
459 1948
919 395
1988 1827
1415 2692
2189 1034
1624 701
2660 1005
2769 1400
0 2252
670 1720
28 1516
1230 683
873 833
2122 436
788 2136
2444 672
2722 1265
1280 740
1677 1378
58 1430
2790 999
2314 1622
2455 598
2307 435
662 1719
301 1504
1984 2453
1006 2702
2068 2061
2007 1507
1825 259
1699 782
1169 357
1125 1600
899 1987
41 2826
2595 635
516 1949
1750 1784
764 625
143 585
1985 652
1781 626
2336 1707
1643 811
2507 2457
1304 963
814 1113
138 293
1848 2099
2055 167
1470 174
2410 1027
2747 1570
887 2089
1133 838
2373 2322
913 2493
531 806
18 233
5 1173
1636 596
1863 1078
1124 2009
2648 1272
1582 2469
1198 2525
634 530
128 593
1334 1206
844 433
2839 728
2311 98
1134 81
398 108
926 2075
2004 681
15 2619
447 824
83 754
1288 618
2602 1237
2362 262
1757 1932
1569 568
1674 1656
2662 324
510 1610
1532 1422
2292 277
1926 1393
1578 903
901 650
864 24
1842 1761
1649 1967
350 2497
2438 1224
1488 2284
1118 843
2166 1508
532 241
452 658
509 928
2096 1236
762 1573
818 297
953 880
2409 2040
1996 1591
826 1057
746 856
1543 193
1355 2387
352 258
1942 644
2513 2095
1456 2578
156 1911
606 974
2214 61
1161 23
2681 983
1829 2544
1052 302
2462 14
1607 1342
1323 891
1093 2212
686 2179
1059 1361
2636 560
2458 645
584 733
1952 1347
2561 1700
1478 1043
2159 860
2148 1683
2849 214
612 1298
1519 638
2394 889
2552 2377
1869 1752
1350 2342
1585 354
2115 1482
2288 1087
1215 1562
384 1734
412 1621
1490 1788
1226 2358
1217 931
2054 1774
837 648
614 955
682 792
1724 2528
1039 427
1731 1018
236 2472
2510 2792
1077 2590
1191 2057
1084 2150
1097 1567
780 2411
2351 857
2396 2740
2816 1762
1380 2547
2437 1945
583 2348
1408 1240
1492 1718
2291 836
2235 390
2242 1568
2587 192
1387 2501
1608 2110
2223 1695
244 1983
548 1080
877 2811
146 2117
886 2502
1423 956
546 840
330 2196
1874 2449
286 391
805 1924
2558 2151
1022 514
464 493
2586 1245
1302 2742
2589 1995
2617 835
923 111
47 1799
270 2261
872 739
1264 1616
907 1520
2679 2290
1232 571
2575 594
327 2783
605 639
1271 2306
784 1220
1160 20
2511 411
Ne.
575
33 1577
1035 872
514 1419
1301 931
473 724
111 841
1140 2341
2244 1352
2251 548
949 2277
2173 1440
1507 2229
1195 650
1439 1432
813 266
1184 1968
1111 1788
460 693
1667 2062
1445 399
392 1987
1357 517
1107 2287
260 2266
967 632
1376 2021
467 2281
1665 1886
1209 1975
2191 1366
2224 141
1546 1247
107 818
1434 1290
914 136
655 712
1105 108
1887 1238
1420 2164
342 555
1162 1556
868 1504
1549 1682
1854 953
360 1260
1541 449
1967 1091
1250 1631
1989 2188
230 679
330 1380
401 858
1657 2208
1850 1296
1659 859
1863 1622
2118 2
345 764
1462 569
369 1590
251 42
1786 1964
1412 2183
397 1847
1857 1844
2258 408
519 625
1638 1668
2317 380
1644 1639
427 486
1681 1610
2033 890
1531 745
628 1318
1241 2189
1918 934
2101 1984
1797 996
742 1460
1428 59
2012 656
1295 2107
1166 409
2246 2109
1385 1201
1168 2152
226 1472
926 1437
1637 1744
1444 845
1647 1619
477 1246
2060 1422
1518 685
790 1109
0 1157
1753 1007
334 2210
2299 474
853 2300
1803 1813
552 452
1798 636
491 638
1082 1414
900 221
17 1790
613 1020
1530 1395
18 762
2216 1475
359 462
2303 75
420 2204
958 2190
526 25
1912 1228
1367 1329
1594 1134
1083 1769
1143 1226
1701 1524
839 1521
1834 2032
662 586
1941 842
441 282
483 1771
1902 1326
189 944
495 316
918 2187
785 11
424 2049
1171 854
1497 1379
824 585
1572 1500
120 1607
306 1300
1988 1451
2069 137
329 1100
10 1768
1081 1923
229 1874
878 1402
438 1128
1136 1646
1567 2327
1879 1188
1721 191
715 1017
648 1466
89 333
2078 946
1516 2326
729 1823
1071 775
971 2175
2278 1066
164 2321
2207 1785
1049 2030
721 195
1484 1199
1626 1342
1710 2165
605 262
794 1141
1355 2328
2126 1851
2302 1580
604 963
1139 2276
928 760
227 1272
1555 941
1261 1175
1170 744
1945 2018
1914 1030
2301 1314
2200 1537
591 1940
1471 1073
1996 666
1425 459
544 739
880 809
515 1957
76 1970
104 992
1180 436
270 690
494 1048
982 1408
445 1725
53 503
2144 1529
470 1489
1390 1727
2146 1734
564 2195
1685 241
665 1557
1127 86
1005 1568
1409 1735
978 1288
8 691
725 1090
1433 1673
1927 800
1821 1245
1509 85
779 817
475 912
145 705
707 1934
14 815
1738 610
2142 1510
919 311
1829 1181
1748 326
1323 67
469 1900
454 1133
2067 2237
1824 2047
1114 502
2073 450
1656 2150
1371 2020
479 1377
1255 1814
118 1643
855 2097
2103 183
1353 2309
682 793
1574 1047
127 1363
887 1894
2088 1953
1018 2134
300 314
2330 798
687 2015
1605 2318
1708 1978
273 1895
1173 831
549 484
2139 1011
157 365
256 161
596 969
2036 1983
1271 1587
1766 968
870 49
286 917
1937 1559
799 393
1642 1846
2286 1799
1852 1249
1273 1103
1291 601
381 1067
930 983
1459 771
935 1545
2084 1511
1483 419
1373 1679
464 2094
1229 2279
673 1242
1581 2311
2037 1553
340 1153
943 4
1232 2031
1492 2113
508 795
1394 784
320 1603
2255 163
2038 1742
1360 644
947 354
1120 1694
647 1977
1004 1974
697 1770
1221 1724
1359 2159
1401 1609
558 533
1544 1898
1454 1179
2124 1404
1536 302
1130 810
566 310
471 1302
906 1279
1098 2198
1579 649
572 1331
1772 822
1976 852
1191 1024
669 2007
523 770
885 1097
1648 444
1298 664
735 497
1102 1375
429 1675
1925 1084
328 5
863 835
1186 1893
304 1028
1930 182
114 1632
819 2282
194 2153
723 1896
277 999
69 2214
2271 2065
925 147
2219 805
1456 1882
1826 1074
1276 1464
402 1569
1723 789
1523 757
1039 1110
1458 1561
9 1720
56 1739
2119 1848
506 674
1950 88
1558 588
1343 989
1078 1585
1872 2308
305 777
211 92
2206 1034
169 893
237 1356
1026 3
2166 431
646 100
48 1787
565 2217
6 243
1698 472
1065 1372
1830 36
26 1809
1689 1216
773 1062
657 2105
1358 28
1077 34
315 47
196 103
80 1942
1036 1954
2312 699
611 1817
1087 485
1064 1158
1313 1903
1192 2324
827 920
1215 1075
1586 133
1836 1068
1349 413
1085 500
2027 421
2082 289
740 1883
73 13
643 1172
1514 1312
857 1021
557 575
407 541
361 1602
1426 1126
348 1839
1947 2202
1069 1210
250 1743
457 1860
1856 1517
2148 1421
257 2056
1520 2268
2087 2228
97 1661
756 1332
2215 2149
68 1712
1482 1223
1316 166
874 826
2254 439
1877 1576
1092 1022
608 1218
1990 686
2058 2025
1595 956
562 158
1779 2329
1009 220
1731 1641
2280 974
143 1904
791 2028
173 1838
1695 2098
1906 2080
748 394
787 374
1118 2050
2111 159
1687 2057
1325 1424
1473 1220
255 1202
295 1403
323 1227
1714 1635
915 2264
563 1885
2298 1741
2079 2181
202 594
1831 1341
1027 1808
325 1971
1477 1196
283 1623
1345 850
645 1678
2335 123
2001 371
670 1921
2257 2222
627 2160
1905 490
832 1751
1907 1690
101 321
622 631
285 1884
403 1592
1469 398
207 2026
2272 1324
2112 802
796 1193
814 77
916 404
663 718
1213 272
2130 448
1542 921
1597 1322
556 1612
2116 2154
991 1131
986 1548
1455 2178
987 821
1932 203
1386 634
2316 1070
876 1499
1264 754
1286 313
1427 1684
1413 1479
2185 167
235 1765
1513 2090
1259 988
1819 106
708 1835
2203 1251
1056 406
990 2184
837 499
1842 2315
2168 461
765 284
156 1003
2227 16
2196 1512
1565 856
165 1994
1935 593
1736 1774
2320 667
1309 1197
2226 570
2054 425
1014 1392
1468 1985
1663 259
1443 1154
350 1174
2000 125
1072 1033
422 769
1452 1117
1758 264
1000 1053
1457 1740
1801 442
2017 116
385 1037
653 1862
1676 640
1121 290
1147 2177
1237 353
1337 550
1620 736
984 2232
659 518
1849 1526
792 2197
1795 1306
281 849
1093 1703
181 478
579 2068
1791 1151
1187 1346
2218 1089
1406 414
199 1436
1845 322
1012 2294
43 372
1015 1747
437 1418
1843 1253
119 763
829 292
1254 2314
234 1230
1671 592
726 778
672 168
2336 901
1713 1781
1135 124
