50
9 4 8 0 3
2 4 0 3 1
8 4 6 2 1
2 9 1 1 1
6 8 3 2 8
8 6 6 5 8
2 2 0 1 4
6 8 2 4 7
3 4 2 3 4
3 9 0 5 8
72 66 0 35 13
63 40 17 9 99
95 99 40 81 56
61 24 20 15 78
63 60 27 33 44
22 24 21 22 56
21 76 15 2 82
77 19 67 18 58
73 70 5 60 52
27 91 18 28 76
96 29 60 20 857902692
32 55 14 21 928689661
84 87 77 70 932355823
31 36 25 13 936219481
62 68 24 1 875487408
38 51 23 14 864274297
27 53 8 28 801959828
51 90 45 17 974718766
66 64 42 45 885075903
11 37 0 27 825771782
17745 14098 13453 1905 11692
13843 17687 10196 2728 8136
11332 16834 1964 13832 11632
10960 13761 5075 824 7761
19921 19123 7208 354 7320
10438 19801 403 16764 8337
16960 16446 9755 7993 10747
16479 10886 15507 8242 7383
15275 17550 9193 10757 10751
18202 13719 12124 2320 9106
978358273 272305631 418994308 47089022 886507580
627192902 821079598 434113733 313958883 850534652
660645070 563331391 305507450 321484076 967584786
987081198 356909689 109800827 265865959 830889556
224522408 232210612 39393458 76452918 903737020
557197209 600674181 101257091 25696360 854793538
761134198 405402995 304830773 197141 838842156
166123102 190712385 115699494 65250140 846830465
762972758 813398258 499705450 241683693 814061468
382779347 708077759 22633116 671583613 940279448
