Ne.
1
0 1
Ano.
Ne.
2
0 1
4 6
Ne.
1
0 2
Ne.
2
0 3
4 6
Ne.
10
0 1
2 7
8 9
13 15
18 19
21 22
23 27
28 30
31 32
33 36
Ne.
9
1 2
3 4
5 8
9 11
12 13
14 18
19 20
23 24
25 26
Ne.
4
0 6
7 10
12 13
15 17
Ne.
6
4 5
6 7
10 11
12 15
16 19
20 22
Ne.
3
3 4
5 7
10 11
Ne.
22
1 3
5 7
10 11
12 13
18 21
23 24
27 29
31 35
36 38
39 40
44 45
46 50
51 53
57 59
60 61
63 64
65 68
69 70
72 73
74 79
80 81
82 84
Ne.
22
1 7
8 9
11 12
14 15
18 19
20 21
23 24
27 28
29 30
31 33
34 35
36 40
42 46
47 50
52 53
54 56
57 61
64 68
69 72
76 77
80 81
82 85
Ne.
20
0 2
5 8
10 11
14 16
17 19
20 21
22 23
24 25
26 28
30 33
34 35
36 38
39 40
41 42
43 45
48 49
50 51
52 54
55 60
62 63
Ne.
9
3 4
13 20
26 29
30 33
34 38
41 42
43 46
47 49
54 56
Ne.
17
0 6
9 10
15 16
17 18
19 21
23 28
32 33
36 37
39 40
43 44
46 48
51 53
55 57
63 65
66 67
70 71
75 76
Ne.
38
1 2
3 4
8 10
11 13
15 16
17 18
21 22
23 24
25 27
32 35
36 37
38 40
41 42
48 49
50 52
53 54
55 56
58 59
60 65
66 67
72 75
81 82
84 85
90 91
92 93
94 95
96 99
100 103
105 107
108 109
114 117
119 121
123 124
125 128
129 134
137 139
141 145
146 148
Ne.
38
0 1
2 3
5 8
12 15
19 20
22 24
30 33
34 36
38 40
41 42
44 46
47 49
51 52
53 56
57 64
65 68
69 70
74 75
78 79
80 81
82 87
89 90
91 92
94 95
97 98
99 100
101 102
104 107
110 112
113 115
117 118
120 123
127 128
129 130
131 133
134 135
138 139
140 141
Ne.
46
1 4
8 9
10 11
13 15
16 17
18 19
20 24
25 26
28 31
32 34
35 40
41 44
45 46
49 50
51 53
57 60
61 62
65 71
75 76
78 79
80 83
84 88
91 95
96 97
98 101
105 110
112 113
114 118
119 122
127 129
131 132
133 134
135 138
147 148
151 153
154 157
158 160
161 162
164 165
166 167
168 173
177 178
180 183
185 188
191 192
193 194
Ne.
33
2 5
6 9
11 12
13 22
24 25
26 27
28 30
31 33
35 36
38 39
41 43
45 46
47 48
50 52
53 54
59 60
61 62
64 65
67 68
69 71
72 73
77 78
88 89
90 91
92 93
95 96
97 99
102 103
106 107
109 110
113 115
117 118
119 124
Ne.
34
0 1
2 5
7 10
12 13
15 16
18 19
28 29
31 33
36 37
41 42
46 51
56 57
58 62
66 68
69 74
78 79
81 82
83 85
87 89
92 96
98 100
103 104
106 108
110 118
122 125
126 128
130 132
135 136
138 139
141 143
144 146
150 151
152 153
154 155
Ne.
88
1 3
4 5
6 7
8 10
12 14
17 19
20 22
23 24
25 28
29 31
35 39
40 41
43 44
48 49
50 52
54 56
58 62
67 69
71 75
77 79
82 83
85 92
93 94
95 98
99 100
101 103
105 108
112 113
114 115
116 118
123 128
132 135
136 138
139 140
141 143
145 148
151 156
159 162
165 168
172 176
177 178
180 183
185 186
189 190
191 193
194 196
197 198
199 201
202 205
207 211
212 215
216 217
220 226
232 236
238 239
240 241
242 243
245 248
250 254
257 259
261 262
265 271
272 275
278 280
283 285
286 288
289 290
293 299
302 303
306 307
308 311
312 314
315 316
317 318
321 324
325 328
329 330
331 332
333 335
336 337
339 342
344 346
347 348
351 353
354 355
356 357
361 365
366 367
Ne.
124
0 2
4 7
8 9
10 13
15 16
20 23
24 26
28 30
31 36
37 42
43 44
45 46
47 48
50 51
53 55
56 58
61 62
63 67
68 69
70 71
72 73
76 77
79 80
82 88
90 91
92 93
94 96
98 100
103 104
105 111
113 119
123 127
128 134
136 137
139 141
142 144
146 150
153 159
160 162
163 164
165 167
168 169
170 171
172 176
177 179
181 182
186 190
192 195
196 198
199 200
201 202
204 205
207 208
210 212
213 214
217 218
219 221
222 223
224 225
227 229
230 231
234 239
241 242
245 246
247 250
251 254
255 258
259 260
261 262
264 266
268 270
272 273
278 279
285 286
291 292
295 303
304 307
308 309
310 314
315 316
317 319
322 325
331 332
334 335
337 339
340 343
344 345
348 349
351 352
353 355
356 359
360 361
362 366
370 371
373 374
377 378
379 380
383 384
385 386
387 388
389 390
392 393
394 399
400 401
403 404
409 410
417 419
420 421
422 427
428 431
432 433
434 435
437 439
440 442
444 446
447 449
452 453
456 457
464 465
467 469
472 476
478 480
481 483
488 490
Ne.
70
2 3
4 7
8 10
11 15
16 17
19 20
22 25
26 27
28 30
31 35
36 38
43 45
46 47
49 50
51 54
56 57
58 60
63 64
68 69
70 73
74 75
76 78
83 84
85 88
89 93
95 96
97 98
99 102
103 104
106 117
118 119
126 127
128 131
132 133
134 135
138 139
142 144
145 146
147 148
149 150
153 155
158 159
160 162
165 166
167 169
172 173
175 176
177 178
181 182
183 189
192 194
199 201
202 203
205 207
210 212
214 215
218 223
224 226
229 230
231 233
235 237
239 241
247 248
254 255
256 258
259 260
261 262
265 267
268 269
272 274
Ne.
74
0 1
2 3
6 7
8 9
14 15
17 18
24 25
28 31
32 34
35 38
39 43
45 46
47 50
51 52
53 54
55 56
57 58
59 64
67 69
70 76
77 78
79 82
83 84
87 88
92 99
102 103
106 108
110 111
112 113
115 116
117 118
120 123
125 126
131 132
135 136
137 138
139 140
141 143
145 148
151 154
155 157
159 162
163 165
171 172
173 174
176 181
183 185
186 189
190 192
193 196
197 200
201 202
204 205
206 210
211 212
216 218
219 220
223 224
228 229
231 234
236 237
238 241
242 244
245 248
249 251
253 254
256 259
261 265
267 269
272 275
277 278
279 280
283 284
286 287
Ne.
108
1 7
10 12
13 14
16 19
20 21
22 24
27 29
30 31
32 33
34 37
38 41
42 43
44 45
46 48
49 51
52 53
54 55
58 59
60 62
63 64
68 69
70 71
73 78
80 81
83 84
85 86
89 90
91 92
96 100
104 106
107 109
110 124
125 130
134 135
136 137
140 141
144 147
148 150
153 155
156 157
158 159
163 166
167 168
172 174
179 180
182 186
187 189
191 192
196 199
202 204
206 208
209 212
215 216
217 220
222 224
225 228
229 234
235 237
238 243
244 249
251 252
254 257
260 262
264 265
266 269
270 274
275 279
280 282
283 285
288 289
291 292
293 295
297 300
301 303
304 305
307 310
318 319
320 325
326 329
331 334
335 336
338 339
342 346
348 352
353 355
360 363
364 365
368 369
370 372
376 377
378 379
384 385
387 389
390 391
392 394
397 399
400 401
403 407
409 410
416 417
418 419
420 421
423 428
429 431
433 436
437 438
439 440
443 446
Ne.
193
0 1
2 7
8 12
17 18
20 24
26 27
30 32
33 36
37 38
39 40
41 42
43 45
48 50
54 55
61 64
65 67
70 72
74 77
78 83
84 85
86 88
89 90
91 94
100 108
109 110
111 115
116 118
123 126
130 131
133 137
139 145
146 147
148 153
154 155
156 157
159 161
163 166
167 169
171 174
181 183
185 188
189 192
194 199
201 202
205 206
208 210
211 212
215 220
222 223
228 229
231 235
236 237
238 239
241 242
243 244
245 248
249 250
251 253
254 255
258 259
260 261
262 263
265 266
268 270
271 272
274 275
280 283
284 288
289 291
292 294
295 298
300 302
304 305
307 309
310 313
314 317
318 319
320 323
324 326
330 332
334 338
339 343
345 350
353 354
357 358
359 360
362 364
365 366
372 376
377 378
379 381
382 387
389 390
391 394
395 397
398 399
400 401
402 405
406 407
409 411
415 419
421 424
427 428
430 431
432 433
435 436
437 438
439 440
443 445
447 448
449 450
454 456
457 460
461 462
463 464
467 471
473 476
482 485
486 487
490 492
495 497
500 501
503 511
512 513
517 520
522 526
527 528
530 531
534 535
537 538
539 542
544 549
551 552
553 556
559 560
562 565
567 571
573 576
579 581
586 589
593 595
598 600
603 604
607 608
609 611
615 616
617 622
625 628
630 631
632 633
634 636
637 638
639 640
641 642
643 644
647 648
650 652
653 655
657 658
661 662
667 668
669 670
671 673
674 677
678 679
680 681
682 683
684 687
688 690
692 693
694 695
696 697
698 699
702 706
707 709
710 713
714 723
726 729
731 732
733 737
740 741
742 744
750 754
756 758
761 762
763 766
768 769
771 776
777 778
779 781
783 784
786 787
788 789
Ne.
212
0 3
4 6
8 9
10 11
12 13
15 17
18 21
22 23
25 26
27 28
29 30
31 35
36 37
38 39
40 41
43 45
46 47
48 49
51 52
53 54
55 57
59 60
61 62
63 64
66 69
71 72
73 79
80 83
84 86
87 90
91 92
94 95
96 99
100 101
103 104
105 106
108 109
110 111
112 116
117 118
120 125
126 131
133 134
136 137
138 140
141 142
143 144
145 146
149 150
151 152
155 158
160 161
162 163
164 166
167 169
170 171
175 176
177 179
181 183
184 185
186 188
189 190
192 193
195 196
197 198
202 204
205 209
211 212
216 219
220 221
223 224
225 227
228 229
232 233
235 236
237 238
239 240
241 244
248 249
251 254
255 256
260 264
266 267
268 269
270 271
273 278
280 281
282 283
284 285
287 289
290 292
294 295
298 300
301 302
303 304
306 307
308 309
310 312
313 314
315 317
319 320
321 322
324 327
328 329
332 333
336 337
338 341
342 343
344 345
346 347
348 349
350 351
353 355
356 358
359 360
364 365
366 370
371 372
373 374
376 377
378 379
382 383
386 389
390 393
398 400
401 403
404 405
406 407
408 409
411 412
414 417
418 419
420 423
424 425
426 430
434 435
436 437
440 441
443 444
448 451
453 455
458 459
460 461
462 463
465 466
469 470
472 473
474 476
478 479
480 482
483 486
489 491
493 495
496 499
500 502
503 505
506 508
510 512
514 516
518 519
520 523
524 525
526 527
528 529
530 531
532 533
536 538
540 543
545 546
547 548
549 550
551 552
553 555
556 557
558 559
560 561
563 564
565 567
568 569
570 571
573 574
575 578
579 581
582 583
584 585
587 588
589 591
592 594
603 606
607 608
612 613
615 617
618 623
624 625
627 631
633 634
635 637
640 641
645 648
652 653
655 656
658 659
661 662
663 664
665 666
668 669
671 672
673 674
675 676
678 679
681 683
684 685
Ne.
135
1 6
9 11
12 14
15 19
20 21
22 24
25 26
27 32
33 34
35 42
44 45
49 50
57 60
62 65
66 67
68 70
71 73
74 75
77 79
82 84
85 87
90 91
92 95
98 99
102 103
107 110
111 113
116 117
118 123
124 127
129 130
135 137
138 141
142 144
145 146
147 148
149 151
152 153
155 156
157 161
163 164
166 173
174 177
180 181
184 185
187 191
193 194
199 204
207 209
213 214
216 217
218 221
223 224
225 228
238 244
245 248
249 251
254 255
258 259
260 267
268 270
273 275
276 279
280 281
282 283
285 286
292 293
294 298
299 303
304 308
311 313
314 315
316 317
318 319
323 327
329 330
332 333
334 336
337 339
342 347
349 350
351 355
356 361
362 365
366 368
372 374
375 378
379 388
390 392
393 394
396 398
400 401
404 405
406 410
412 413
414 417
418 423
424 425
427 430
431 432
433 436
437 438
440 441
443 445
449 455
458 460
463 464
466 468
470 472
474 476
477 479
481 485
486 487
488 494
495 497
499 500
502 507
508 511
512 513
517 518
519 521
522 525
527 530
531 532
534 535
538 539
540 542
543 546
548 549
550 551
552 553
555 557
558 560
561 562
565 567
Ne.
195
1 2
3 7
14 15
16 17
18 19
26 27
28 29
30 31
33 34
36 40
49 52
54 57
59 61
65 66
70 71
73 76
77 78
81 82
84 90
92 95
99 101
104 107
108 109
112 114
115 116
118 120
121 122
123 124
125 126
134 135
137 138
141 142
145 148
150 154
155 158
164 166
167 168
169 170
171 173
175 176
180 182
184 187
190 191
193 195
198 199
202 203
204 205
207 209
212 213
215 217
219 221
222 224
227 228
229 230
232 235
236 238
240 241
242 243
244 245
248 249
252 254
255 256
260 262
264 277
278 282
285 287
288 289
290 291
293 295
296 298
300 301
303 304
308 309
310 313
315 318
319 321
323 324
326 331
332 335
336 337
338 341
342 343
344 347
348 349
350 354
355 356
358 359
361 363
364 365
371 374
377 379
380 382
383 387
389 393
394 395
396 397
400 401
403 405
407 408
409 412
414 416
418 420
421 422
424 425
426 427
429 431
433 437
438 440
443 444
447 448
449 453
455 458
461 469
472 474
476 477
479 481
482 485
487 488
490 491
493 495
498 499
500 501
505 506
507 508
512 514
515 516
519 521
522 525
526 527
534 537
538 539
544 545
549 550
551 553
554 558
559 560
565 569
570 571
575 579
581 582
586 588
593 595
602 606
607 610
611 613
614 619
620 621
622 623
624 625
626 627
629 631
636 638
639 640
642 643
647 648
649 650
651 652
653 654
658 659
660 661
663 664
665 670
671 672
673 674
675 676
677 679
684 685
687 691
697 698
699 700
701 704
706 708
711 715
716 719
720 726
727 731
732 733
736 739
741 742
743 744
745 746
747 748
749 751
754 758
759 760
768 769
770 772
774 775
776 778
779 781
785 786
787 788
790 791
792 793
795 797
Ne.
151
0 1
4 5
8 10
15 17
18 21
22 23
24 27
28 30
32 38
40 41
42 43
44 45
50 51
53 54
55 56
57 58
59 60
62 63
65 68
70 71
72 74
75 76
77 78
79 83
84 86
90 92
100 103
107 112
114 116
118 122
125 126
127 128
130 132
133 134
136 139
143 144
145 147
149 150
151 152
153 155
156 158
159 161
162 164
167 168
170 172
175 177
182 183
186 187
190 191
194 196
198 200
203 205
206 209
211 213
219 220
224 225
229 230
231 232
235 237
238 239
240 241
243 245
250 251
254 256
257 259
260 263
264 271
272 273
275 277
279 280
282 283
285 291
292 295
296 297
298 299
300 301
304 306
308 310
313 315
316 319
320 323
325 329
330 331
339 340
341 342
343 345
346 349
350 352
353 356
357 359
360 361
362 367
373 377
383 384
386 387
388 389
391 392
394 396
398 399
402 403
406 407
409 413
420 421
424 426
427 429
430 432
433 435
438 443
446 447
452 456
458 459
462 463
465 466
467 473
475 480
481 482
483 484
485 486
487 488
490 491
495 501
504 505
507 508
511 514
515 517
518 522
523 526
527 528
530 531
533 534
536 537
539 540
541 542
543 544
549 551
555 556
557 559
563 567
568 569
570 571
573 575
576 579
580 582
583 584
586 590
592 593
595 596
597 598
599 600
602 603
604 605
Ne.
461
2 3
4 9
11 12
14 21
22 24
25 26
27 29
33 34
35 36
42 46
49 50
52 53
54 56
57 59
62 67
68 69
70 72
73 77
81 86
87 88
94 96
97 99
101 103
104 107
108 109
111 114
115 118
119 122
123 128
129 135
136 140
143 144
147 149
150 151
156 157
158 163
164 165
166 167
170 171
172 175
178 180
182 183
185 186
188 191
193 194
195 198
200 202
205 208
211 212
213 214
215 216
217 220
222 226
228 229
230 231
232 233
237 240
242 250
252 254
256 262
267 269
270 271
272 278
279 280
281 282
283 285
287 290
291 294
296 298
300 301
302 305
308 312
315 317
320 321
323 324
327 331
332 333
335 340
341 342
344 346
347 349
352 354
355 357
358 362
366 370
373 378
379 382
386 387
388 389
391 397
399 401
403 404
406 409
410 411
413 415
418 419
420 423
424 425
426 427
428 429
430 431
432 433
437 440
441 444
446 448
453 455
458 459
460 464
465 467
468 470
471 472
474 475
477 480
481 483
486 487
488 489
491 494
499 500
501 507
511 514
515 517
518 520
521 522
524 526
530 532
533 534
535 536
537 538
542 545
549 550
552 553
554 556
557 559
560 563
565 566
568 569
572 574
575 578
579 581
582 583
585 592
593 594
596 598
599 600
601 602
603 607
610 611
612 613
614 615
618 619
620 621
623 624
625 627
628 632
634 635
636 637
638 641
642 645
646 648
650 651
652 653
654 656
659 661
663 665
667 668
670 671
672 673
675 679
680 681
688 689
690 691
693 694
697 698
701 702
704 706
708 709
710 711
713 715
719 721
723 724
727 728
729 731
732 733
736 737
738 739
741 743
744 746
748 749
750 751
752 753
754 757
758 764
765 766
767 768
770 774
776 778
779 783
784 785
786 791
794 795
801 802
805 809
810 811
814 815
816 817
819 820
827 828
830 831
833 835
837 838
839 841
842 844
845 846
847 849
852 854
855 865
866 867
868 869
878 879
880 881
882 884
885 887
889 892
893 895
898 899
902 907
913 914
915 916
918 919
922 923
924 925
926 927
928 931
937 938
939 941
942 943
945 947
949 953
956 957
958 959
961 962
969 971
974 975
978 980
981 987
989 994
995 996
997 998
999 1000
1002 1004
1007 1009
1011 1016
1017 1019
1020 1022
1027 1028
1030 1031
1033 1035
1037 1039
1040 1042
1043 1046
1047 1048
1050 1051
1052 1054
1058 1059
1064 1065
1066 1067
1068 1069
1072 1073
1074 1080
1085 1091
1093 1094
1096 1097
1098 1101
1102 1103
1107 1108
1111 1112
1113 1118
1123 1125
1126 1127
1129 1131
1132 1133
1134 1135
1139 1142
1143 1144
1152 1155
1159 1162
1164 1167
1168 1169
1170 1172
1173 1174
1178 1183
1184 1186
1187 1190
1191 1195
1197 1199
1200 1201
1204 1205
1208 1210
1211 1217
1218 1221
1223 1224
1226 1228
1231 1233
1234 1235
1236 1237
1239 1240
1242 1247
1248 1250
1252 1253
1254 1256
1258 1260
1261 1262
1264 1269
1270 1271
1272 1274
1278 1281
1282 1285
1286 1288
1290 1293
1295 1297
1298 1301
1302 1304
1305 1307
1308 1309
1310 1312
1314 1315
1317 1318
1320 1323
1324 1327
1332 1333
1336 1338
1339 1342
1344 1345
1347 1348
1349 1351
1353 1354
1355 1356
1357 1359
1360 1361
1362 1364
1367 1368
1369 1370
1371 1373
1375 1377
1378 1379
1389 1392
1401 1403
1406 1407
1408 1410
1412 1416
1423 1424
1427 1431
1435 1437
1438 1442
1443 1445
1446 1447
1448 1450
1452 1453
1455 1456
1458 1463
1466 1468
1471 1472
1475 1477
1478 1480
1481 1483
1484 1486
1487 1488
1490 1491
1492 1494
1500 1502
1503 1504
1508 1509
1513 1514
1515 1516
1518 1522
1525 1530
1531 1533
1535 1536
1537 1540
1541 1542
1543 1545
1548 1549
1552 1553
1555 1557
1558 1562
1564 1565
1566 1567
1568 1572
1576 1579
1580 1585
1589 1590
1592 1594
1596 1598
1599 1600
1601 1602
1603 1604
1605 1608
1609 1612
1615 1616
1618 1619
1621 1625
1626 1627
1629 1631
1634 1635
1637 1645
1646 1648
1650 1651
1657 1658
1659 1664
1667 1668
1671 1673
1675 1676
1678 1679
1680 1683
1684 1685
1687 1689
1690 1692
1695 1698
1700 1701
1705 1709
1717 1720
1722 1723
1724 1729
1730 1731
1740 1741
1742 1745
1746 1747
1748 1750
1754 1755
1757 1758
1760 1761
1762 1770
1772 1774
1775 1777
1780 1781
1786 1788
1789 1790
1792 1798
1799 1801
1806 1807
1810 1816
1817 1821
1822 1823
1827 1832
1834 1837
1838 1839
1841 1842
1845 1851
1852 1854
1855 1857
1858 1859
1860 1862
1866 1867
1871 1872
1874 1875
1876 1879
1880 1881
1882 1884
1889 1890
1891 1894
1896 1897
Ne.
586
0 1
2 4
6 8
10 11
12 13
17 18
20 26
27 28
29 30
31 32
33 34
35 37
39 40
41 42
43 44
46 50
51 52
53 54
56 59
60 61
64 65
67 68
70 71
72 74
75 77
78 79
81 85
86 87
89 90
94 96
97 99
104 106
115 116
118 119
120 121
122 124
126 127
130 131
134 135
137 141
142 143
148 149
151 153
156 158
159 162
163 164
166 167
170 174
177 179
180 181
184 188
189 194
195 197
199 200
202 203
206 207
210 211
212 213
214 217
218 219
221 223
225 226
228 231
235 236
238 241
242 243
246 247
248 250
254 255
256 257
262 263
265 270
271 273
277 278
279 281
283 286
287 288
289 290
296 298
299 300
301 302
303 304
308 309
315 316
318 320
325 326
327 331
333 336
339 340
341 344
345 349
350 356
360 361
362 364
367 369
370 371
375 378
379 380
383 385
387 388
389 390
392 394
395 398
400 402
404 408
409 410
413 414
415 416
417 418
419 420
421 422
424 425
427 433
437 442
443 444
448 449
451 453
454 461
463 464
465 466
468 469
470 472
473 477
478 480
481 482
485 489
490 491
493 495
496 497
500 503
506 508
509 511
512 513
515 517
518 520
521 523
525 528
531 536
538 541
544 545
547 548
549 551
553 554
556 558
561 562
564 565
566 567
568 571
573 576
582 583
586 588
589 592
594 595
597 604
606 607
612 613
617 618
620 621
622 623
625 626
628 630
631 632
633 634
635 637
641 643
644 645
646 647
650 652
653 654
655 657
658 659
660 662
665 668
669 670
671 673
674 675
678 680
684 686
687 690
692 695
697 706
709 710
711 713
720 722
724 728
729 734
736 737
738 743
746 747
749 750
752 753
754 756
759 764
766 767
768 772
773 774
777 779
780 781
782 786
788 789
790 792
794 798
799 800
801 802
803 804
810 812
813 816
819 820
823 825
826 827
828 829
830 835
837 840
843 847
848 851
854 855
856 857
858 859
862 864
866 867
870 871
876 877
881 882
883 884
886 891
892 893
895 896
899 900
901 903
904 908
909 910
911 912
913 922
925 926
927 929
930 933
934 935
936 937
941 943
945 946
947 949
952 954
956 957
960 963
965 966
969 973
975 976
977 979
981 982
983 987
988 989
990 991
994 997
998 999
1000 1001
1002 1003
1004 1008
1010 1012
1013 1014
1015 1017
1018 1021
1022 1023
1025 1029
1030 1032
1033 1035
1037 1038
1039 1041
1043 1044
1047 1048
1050 1052
1053 1054
1056 1057
1058 1059
1061 1063
1064 1071
1072 1073
1076 1078
1079 1082
1084 1085
1087 1090
1095 1098
1100 1101
1102 1105
1106 1109
1110 1111
1112 1113
1116 1117
1118 1120
1121 1124
1126 1127
1128 1129
1130 1132
1133 1134
1135 1136
1137 1138
1139 1140
1144 1148
1150 1153
1156 1160
1163 1165
1167 1168
1172 1180
1181 1182
1183 1185
1186 1187
1188 1193
1195 1196
1199 1201
1203 1204
1205 1206
1207 1209
1210 1212
1213 1214
1215 1217
1219 1223
1228 1230
1231 1233
1236 1237
1238 1241
1244 1246
1247 1251
1254 1256
1260 1261
1266 1267
1268 1270
1271 1273
1277 1279
1280 1282
1284 1285
1287 1290
1291 1293
1300 1303
1304 1305
1307 1308
1309 1311
1312 1313
1315 1316
1318 1319
1322 1324
1325 1326
1328 1330
1331 1332
1333 1335
1338 1341
1342 1346
1348 1350
1352 1353
1356 1358
1361 1362
1363 1364
1365 1366
1367 1368
1369 1373
1374 1375
1376 1378
1379 1380
1382 1384
1385 1389
1390 1391
1392 1396
1398 1404
1406 1407
1408 1412
1414 1415
1416 1417
1421 1426
1427 1430
1432 1433
1434 1435
1436 1439
1441 1442
1443 1444
1445 1447
1449 1451
1452 1454
1456 1457
1459 1468
1469 1470
1473 1476
1478 1480
1485 1486
1490 1496
1498 1501
1502 1504
1507 1510
1512 1513
1514 1515
1516 1517
1519 1521
1527 1531
1532 1533
1534 1535
1537 1538
1540 1541
1542 1550
1551 1553
1558 1561
1562 1564
1566 1568
1569 1570
1572 1574
1575 1577
1578 1580
1587 1591
1592 1596
1597 1599
1600 1603
1604 1605
1609 1610
1612 1618
1619 1620
1622 1624
1628 1631
1634 1637
1641 1642
1643 1652
1654 1656
1657 1658
1660 1661
1662 1663
1664 1665
1666 1667
1668 1669
1670 1672
1673 1674
1675 1678
1679 1683
1685 1686
1688 1692
1693 1694
1697 1698
1699 1700
1701 1703
1704 1707
1708 1710
1714 1716
1720 1721
1722 1726
1728 1733
1734 1735
1736 1741
1744 1746
1748 1749
1750 1751
1752 1753
1754 1757
1758 1759
1760 1761
1762 1763
1765 1766
1767 1768
1769 1770
1771 1773
1774 1777
1778 1780
1783 1785
1788 1791
1793 1794
1796 1797
1799 1800
1802 1803
1805 1806
1808 1809
1810 1813
1815 1820
1821 1822
1823 1826
1827 1829
1830 1831
1832 1833
1834 1836
1837 1838
1839 1840
1842 1843
1844 1846
1851 1854
1855 1856
1857 1858
1859 1860
1864 1866
1867 1870
1872 1877
1881 1883
1886 1890
1891 1892
1894 1897
1900 1907
1912 1914
1916 1925
1929 1930
1933 1934
1937 1939
1942 1943
1945 1947
1950 1951
1955 1956
1957 1960
1961 1962
1963 1964
1966 1971
1972 1974
1977 1978
1983 1985
1986 1987
1989 1990
1991 1992
1997 1998
2000 2002
2005 2006
2009 2013
2014 2016
2017 2018
2020 2023
2025 2026
2028 2029
2030 2031
2033 2035
2036 2043
2045 2046
2048 2049
2050 2051
2054 2056
2057 2059
2062 2063
2064 2065
2066 2069
2071 2072
2075 2078
2079 2081
2082 2083
2086 2087
2088 2089
2090 2091
2092 2093
2094 2097
2098 2099
2100 2101
2102 2103
2106 2107
2110 2111
2112 2113
2115 2116
2119 2121
2127 2129
2130 2133
2134 2135
2138 2140
2141 2142
2143 2147
2148 2149
2150 2151
2152 2153
2155 2156
2158 2159
2160 2162
2164 2166
2167 2169
2171 2173
2175 2176
2181 2184
2185 2186
2187 2189
2190 2191
2193 2197
2200 2201
2202 2203
2204 2209
2213 2214
2216 2220
2221 2222
2224 2229
2232 2233
2237 2238
2245 2248
2249 2251
2255 2256
2257 2262
2263 2264
2265 2266
2267 2268
2271 2272
2273 2274
2275 2280
2281 2282
2283 2286
2289 2291
Ne.
337
1 3
5 10
12 13
18 19
20 22
28 29
30 31
32 35
38 41
44 47
51 52
53 55
56 57
59 62
63 64
67 68
69 72
74 76
79 80
81 82
90 92
93 95
96 97
98 99
101 102
103 104
105 112
113 116
119 120
121 124
125 129
131 133
136 137
138 142
148 153
154 155
156 161
164 166
168 173
177 179
180 185
186 188
189 194
195 198
199 200
201 203
204 205
209 214
215 219
223 226
227 228
230 232
234 236
241 243
245 247
250 252
253 256
257 259
261 264
265 268
269 270
274 275
277 280
283 284
285 287
289 291
293 296
298 299
300 301
302 305
306 312
313 315
316 317
318 322
324 326
327 328
330 332
333 335
336 338
340 342
346 348
350 351
356 357
358 359
361 363
365 367
371 372
375 377
379 383
385 386
388 389
390 391
395 397
398 399
401 403
406 409
411 412
413 414
415 417
418 420
422 423
424 427
429 431
435 436
437 439
441 445
447 449
450 452
453 454
462 465
468 470
471 472
473 477
478 479
481 482
483 484
491 494
497 498
500 501
503 504
506 508
510 511
513 514
515 516
517 518
522 525
526 527
528 530
532 533
535 537
538 539
540 541
545 546
548 551
552 554
555 556
559 563
564 566
567 570
571 573
575 577
578 581
582 583
584 585
587 588
589 590
591 592
594 596
597 601
602 603
604 606
610 614
617 618
620 623
624 628
630 631
632 633
635 640
641 642
644 645
646 647
648 649
656 657
658 662
663 664
665 666
667 668
670 672
673 676
677 679
680 681
683 684
685 689
690 691
692 693
694 697
698 700
702 705
707 710
711 712
714 715
717 719
720 721
723 724
725 726
727 728
729 730
732 740
741 744
746 750
752 753
756 757
758 759
761 763
766 767
769 772
773 775
779 780
781 783
784 785
790 793
794 796
799 800
801 802
808 809
810 811
814 815
817 819
821 822
824 825
827 828
831 833
834 835
836 837
838 839
840 841
845 846
848 852
854 856
860 863
864 865
870 873
874 875
879 880
882 885
886 887
888 889
890 891
897 898
899 902
904 905
907 908
909 911
913 914
916 917
918 919
920 921
922 924
925 926
928 930
931 934
936 937
940 941
942 943
945 946
947 950
951 952
956 957
961 962
964 968
975 976
979 980
981 982
987 988
989 990
993 995
996 999
1001 1004
1006 1007
1009 1010
1011 1012
1013 1014
1016 1017
1019 1021
1028 1029
1031 1032
1034 1035
1036 1037
1039 1040
1042 1043
1045 1050
1053 1055
1056 1057
1058 1060
1061 1062
1065 1066
1068 1072
1074 1076
1079 1080
1081 1082
1084 1085
1086 1088
1089 1091
1093 1097
1100 1102
1105 1107
1108 1109
1111 1113
1115 1117
1118 1123
1124 1125
1126 1128
1130 1135
1136 1139
1141 1143
1144 1145
1146 1147
1151 1152
1153 1154
1155 1156
1157 1158
1161 1164
1166 1168
1169 1173
1177 1178
1180 1181
1183 1184
1186 1187
1194 1196
1202 1208
1209 1212
1214 1215
1217 1218
1220 1222
1223 1224
1226 1227
1231 1233
1234 1237
1239 1240
1243 1244
1245 1248
1251 1253
1254 1259
1260 1261
1262 1265
1266 1270
1271 1272
1273 1279
1281 1284
1286 1287
1288 1292
1294 1295
1296 1297
1298 1299
1300 1301
1305 1309
1310 1315
Ne.
409
0 1
2 4
6 7
9 12
13 14
15 16
17 18
19 21
24 26
27 28
29 31
32 34
35 36
38 42
44 45
46 47
48 53
58 62
65 66
72 73
74 75
79 80
81 82
89 90
91 92
101 102
105 106
107 108
111 116
117 118
119 121
124 126
127 130
131 132
133 135
139 140
141 142
144 146
147 149
151 152
154 155
158 159
160 161
163 164
167 169
170 171
172 175
178 182
183 185
186 188
189 190
193 194
195 197
199 200
204 205
208 209
211 212
213 215
217 219
220 222
224 225
227 228
229 231
232 233
234 235
236 237
238 239
242 247
248 250
251 253
254 255
257 259
260 261
262 264
266 267
269 271
272 273
277 278
279 280
281 283
285 288
291 292
293 295
296 297
298 299
300 301
303 305
306 308
310 312
313 314
316 318
319 320
322 323
326 327
328 329
330 333
336 338
340 345
349 350
351 354
357 358
359 363
364 365
366 367
369 370
372 374
375 377
379 380
381 383
385 386
389 390
391 394
395 396
400 401
402 405
406 407
408 415
416 418
419 426
427 430
433 436
439 441
443 445
447 448
450 452
453 454
456 457
458 459
460 462
465 466
468 469
471 472
473 474
475 476
477 479
480 481
482 483
486 491
494 495
498 500
502 504
506 507
508 509
513 515
516 518
521 522
523 529
531 532
535 536
540 544
545 546
549 550
551 552
553 556
557 558
559 563
567 568
569 571
573 574
575 576
577 579
580 581
590 592
594 596
599 600
601 604
608 612
614 616
618 619
620 621
623 624
627 630
632 633
637 640
642 647
649 650
655 656
657 659
660 662
663 665
667 669
670 672
675 677
678 679
680 682
684 685
687 688
690 694
695 696
697 700
701 704
706 707
708 710
711 712
713 714
717 718
719 721
723 724
727 728
729 730
733 735
737 738
741 743
745 746
747 751
752 755
756 758
759 760
761 767
768 772
773 774
775 778
784 787
788 790
791 792
793 794
799 802
803 804
807 808
809 810
815 817
818 821
822 825
826 827
832 837
839 840
842 844
845 846
847 848
850 852
853 854
862 865
867 868
869 870
871 872
875 876
883 884
885 886
887 888
889 892
893 894
895 896
900 902
904 905
906 907
910 911
912 913
914 916
918 922
924 926
927 928
929 931
934 937
938 939
943 944
946 948
949 951
953 954
955 956
957 958
959 960
961 966
967 972
974 976
977 980
982 983
986 987
988 991
992 998
999 1004
1005 1009
1010 1011
1014 1015
1016 1017
1018 1019
1020 1021
1022 1024
1025 1032
1033 1036
1037 1038
1039 1042
1044 1047
1048 1049
1055 1057
1061 1064
1065 1067
1073 1076
1077 1078
1079 1081
1082 1084
1086 1087
1090 1094
1096 1097
1098 1099
1100 1101
1104 1105
1107 1108
1109 1114
1115 1116
1119 1120
1121 1123
1124 1126
1127 1128
1130 1131
1134 1135
1137 1140
1141 1142
1143 1144
1147 1148
1150 1154
1157 1158
1161 1162
1164 1168
1169 1170
1171 1173
1174 1176
1177 1178
1180 1181
1182 1184
1185 1186
1187 1190
1193 1195
1196 1198
1200 1201
1204 1206
1207 1208
1210 1211
1212 1213
1214 1215
1216 1217
1219 1220
1223 1224
1226 1230
1232 1233
1234 1236
1238 1241
1243 1245
1246 1247
1248 1249
1251 1254
1255 1256
1257 1262
1266 1270
1271 1272
1273 1274
1278 1279
1281 1283
1285 1286
1287 1288
1290 1292
1296 1297
1300 1303
1304 1305
1306 1308
1309 1310
1311 1313
1316 1317
1318 1319
1322 1323
1324 1327
1330 1336
1337 1340
1341 1342
1344 1347
1348 1350
1352 1358
1363 1364
1365 1366
1367 1368
1369 1372
1376 1378
1382 1383
1384 1386
1387 1388
1389 1392
1393 1394
1396 1401
1406 1407
1408 1411
1414 1417
1423 1424
1425 1426
1428 1430
1432 1436
1437 1438
1439 1441
1443 1444
1447 1449
1450 1451
1452 1453
1455 1456
1458 1459
1460 1461
1463 1464
1466 1468
1469 1470
1471 1472
1473 1475
1480 1482
1484 1486
1487 1490
1491 1493
1498 1504
1506 1509
1511 1513
1516 1518
1519 1523
1525 1527
1532 1535
Ne.
391
0 1
5 7
15 16
17 20
21 22
24 25
26 27
28 31
32 35
42 43
44 45
48 50
53 55
56 58
60 61
62 63
64 66
67 68
69 72
73 76
77 78
79 81
83 84
85 87
91 93
95 98
99 100
104 106
108 109
111 112
114 118
119 124
133 138
139 142
143 144
145 148
149 150
152 153
155 157
159 160
164 165
168 171
172 174
175 177
178 180
181 183
185 186
187 188
191 192
195 196
197 198
200 203
205 206
207 208
212 213
214 215
216 217
218 219
220 221
224 225
226 229
230 231
232 233
234 237
238 239
244 247
248 249
250 251
252 254
255 256
257 260
264 266
267 269
271 273
274 277
281 282
283 284
285 286
289 290
291 292
293 294
296 297
298 299
304 306
307 308
309 310
313 315
316 318
320 322
324 326
327 328
329 330
334 337
339 345
346 352
355 356
357 358
361 365
366 367
371 373
374 375
378 380
381 382
385 386
390 391
393 394
397 398
401 403
405 406
408 409
410 411
413 417
418 419
420 421
422 423
424 425
428 431
432 433
435 438
440 441
443 444
446 448
450 453
455 457
459 460
464 468
470 473
474 476
477 479
480 486
487 488
489 490
493 497
498 501
503 504
508 512
518 520
521 525
529 531
535 536
540 541
543 545
546 548
549 550
553 555
560 563
564 570
574 575
576 577
578 581
583 584
586 587
588 589
590 592
593 594
596 597
598 601
604 605
606 607
609 610
615 616
617 620
623 625
627 628
631 632
633 634
635 638
639 640
641 642
643 645
647 649
651 652
653 660
661 662
666 667
673 674
675 678
679 680
682 683
684 685
687 688
692 693
694 695
697 698
700 702
703 705
708 711
712 713
717 724
725 734
736 738
739 741
742 745
746 749
751 752
754 755
760 762
764 769
770 773
774 777
778 782
784 786
789 790
791 793
794 796
797 798
799 802
803 804
809 810
811 812
813 814
816 817
818 820
821 822
828 830
831 832
834 835
836 837
838 839
841 842
843 844
845 846
848 850
852 853
855 857
858 860
861 863
866 867
869 873
876 877
879 881
884 885
886 888
900 908
910 911
912 915
916 919
921 922
923 925
926 927
929 930
931 933
935 936
937 938
939 941
943 944
946 948
949 951
952 954
955 956
960 961
963 966
967 969
970 971
973 975
978 981
982 983
988 989
992 993
994 996
997 998
1000 1001
1002 1003
1005 1007
1009 1010
1011 1012
1014 1015
1016 1017
1019 1020
1023 1024
1033 1041
1047 1048
1049 1053
1054 1056
1057 1062
1063 1064
1065 1068
1069 1070
1071 1072
1078 1079
1082 1083
1084 1086
1087 1091
1092 1093
1094 1095
1096 1105
1106 1107
1109 1111
1112 1117
1123 1126
1129 1132
1133 1134
1136 1137
1140 1142
1143 1147
1149 1150
1151 1152
1155 1156
1157 1159
1162 1163
1164 1165
1167 1169
1170 1171
1173 1174
1175 1176
1179 1180
1182 1183
1184 1185
1186 1187
1189 1190
1191 1192
1193 1200
1201 1202
1203 1205
1207 1209
1210 1211
1212 1217
1223 1224
1225 1226
1230 1231
1232 1233
1234 1236
1239 1240
1241 1242
1243 1244
1245 1249
1251 1255
1258 1260
1263 1266
1268 1270
1271 1272
1275 1276
1278 1280
1281 1282
1286 1287
1289 1294
1297 1303
1305 1306
1308 1311
1313 1315
1316 1317
1318 1321
1328 1329
1331 1332
1333 1334
1336 1337
1339 1340
1341 1342
1351 1352
1353 1356
1358 1359
1361 1362
1364 1365
1369 1370
1371 1372
1373 1375
1377 1378
1379 1383
1384 1388
1389 1390
1391 1398
1403 1406
1408 1411
1412 1414
1415 1418
1419 1423
1428 1431
1432 1438
1440 1442
1443 1444
1447 1450
1452 1453
1454 1455
1456 1460
1465 1466
1467 1468
1469 1471
1472 1478
1481 1482
1483 1484
1486 1489
1492 1493
1494 1495
1496 1501
1502 1503
1505 1507
1508 1509
1510 1511
1512 1513
1520 1522
1523 1524
Ne.
1203
1 3
6 7
9 11
13 15
18 19
20 21
23 24
25 26
27 30
33 34
35 36
41 43
46 48
51 53
54 55
56 57
58 61
63 66
67 68
75 77
82 83
85 86
88 89
95 97
98 100
101 103
109 111
112 113
114 115
118 119
122 123
124 126
127 128
129 133
135 136
140 143
144 145
146 148
150 153
154 155
157 160
162 163
165 166
167 168
169 177
179 180
181 182
183 184
185 186
187 190
192 193
194 195
196 197
198 200
204 207
208 210
212 213
216 218
226 227
228 229
232 234
238 240
242 243
245 248
250 252
256 257
258 261
262 263
267 268
275 277
278 280
281 282
283 284
285 286
287 289
290 293
296 298
299 300
301 304
305 307
308 310
311 319
320 321
324 329
330 331
332 334
339 340
341 343
345 352
354 355
357 358
359 362
363 364
365 368
369 370
371 372
374 375
380 387
388 389
390 396
398 399
400 401
402 405
406 409
410 412
413 415
416 417
418 422
424 425
428 430
431 432
434 435
439 442
447 449
450 452
453 456
458 459
462 463
464 465
466 468
469 474
477 480
484 485
486 487
489 490
492 493
494 496
497 498
500 501
502 503
506 510
513 514
517 518
520 522
524 525
528 529
533 535
537 541
542 543
547 548
549 553
557 559
560 561
562 564
566 568
569 571
573 574
578 581
582 583
585 586
587 588
593 594
595 599
604 606
607 609
610 612
613 615
620 621
623 624
625 627
629 630
634 636
638 640
641 643
644 646
647 648
650 653
655 657
659 662
665 666
667 670
671 673
675 678
679 680
691 694
695 698
699 703
704 705
708 710
711 713
714 715
716 718
719 722
724 727
731 732
733 739
745 746
748 751
760 761
762 763
765 767
772 774
775 777
778 780
781 784
786 788
790 792
793 795
796 797
798 802
804 805
807 808
810 811
814 818
819 820
823 825
827 829
830 831
833 834
835 836
837 839
842 844
845 846
848 849
850 851
853 855
858 862
863 866
868 869
872 873
877 879
880 883
890 891
894 896
897 898
900 901
905 907
908 909
910 911
912 913
916 918
921 922
924 931
934 936
939 940
941 942
944 945
947 949
950 956
957 959
960 962
964 965
967 968
970 971
973 974
979 981
982 983
985 986
987 988
989 991
992 993
994 997
999 1000
1002 1005
1007 1010
1011 1012
1014 1018
1019 1021
1022 1023
1024 1026
1029 1035
1036 1037
1038 1043
1044 1045
1049 1050
1051 1053
1054 1055
1056 1057
1058 1060
1063 1064
1066 1072
1073 1078
1079 1081
1084 1085
1090 1092
1093 1094
1096 1098
1106 1107
1108 1109
1113 1114
1116 1117
1119 1120
1121 1122
1124 1129
1133 1136
1137 1140
1141 1143
1148 1151
1152 1157
1158 1159
1161 1162
1163 1167
1172 1173
1174 1177
1183 1185
1186 1192
1193 1194
1195 1196
1197 1198
1199 1200
1203 1204
1205 1210
1211 1212
1214 1218
1220 1221
1222 1223
1224 1225
1226 1227
1229 1231
1232 1233
1234 1237
1239 1240
1241 1244
1245 1247
1249 1253
1254 1255
1257 1258
1259 1263
1266 1267
1268 1269
1274 1276
1277 1279
1280 1283
1285 1286
1287 1289
1291 1292
1293 1298
1299 1303
1304 1305
1309 1310
1312 1313
1314 1315
1321 1322
1324 1325
1326 1330
1331 1332
1338 1339
1341 1342
1344 1345
1346 1348
1353 1356
1357 1358
1360 1362
1363 1365
1366 1368
1369 1372
1373 1375
1376 1377
1378 1379
1381 1383
1386 1387
1392 1394
1397 1398
1400 1403
1404 1408
1411 1412
1414 1419
1422 1425
1427 1428
1429 1431
1433 1434
1436 1437
1441 1443
1445 1446
1448 1449
1450 1451
1454 1456
1460 1465
1468 1472
1473 1475
1476 1481
1482 1483
1484 1485
1486 1487
1489 1493
1494 1496
1497 1500
1501 1509
1512 1515
1516 1517
1518 1520
1521 1523
1528 1531
1532 1533
1538 1543
1547 1550
1552 1553
1554 1555
1557 1558
1560 1561
1566 1569
1570 1572
1579 1580
1582 1586
1587 1588
1590 1592
1593 1596
1597 1598
1599 1600
1602 1603
1604 1608
1609 1610
1611 1615
1617 1619
1620 1623
1625 1626
1628 1630
1631 1636
1637 1638
1640 1643
1644 1645
1651 1654
1657 1658
1659 1660
1661 1664
1666 1667
1672 1674
1678 1679
1681 1682
1684 1685
1686 1687
1688 1692
1695 1697
1698 1701
1703 1706
1708 1710
1711 1714
1716 1723
1724 1726
1728 1729
1733 1737
1741 1745
1746 1747
1748 1751
1754 1756
1758 1760
1761 1762
1764 1766
1768 1771
1778 1780
1781 1782
1783 1784
1785 1786
1789 1791
1794 1796
1798 1799
1801 1803
1805 1808
1809 1813
1814 1816
1818 1820
1822 1823
1827 1832
1836 1837
1838 1839
1841 1842
1844 1846
1849 1851
1852 1853
1859 1860
1861 1862
1863 1865
1866 1867
1870 1872
1875 1876
1879 1880
1884 1890
1893 1894
1895 1896
1897 1898
1900 1903
1905 1906
1908 1910
1911 1913
1914 1915
1917 1920
1925 1926
1929 1930
1935 1938
1939 1941
1944 1945
1946 1948
1949 1951
1954 1955
1957 1958
1962 1963
1964 1966
1967 1968
1969 1970
1971 1973
1974 1975
1976 1978
1979 1982
1984 1988
1989 1993
1995 2000
2001 2002
2005 2006
2007 2008
2009 2010
2012 2015
2017 2019
2020 2025
2027 2028
2029 2030
2031 2033
2034 2035
2037 2040
2044 2045
2046 2047
2050 2051
2052 2055
2056 2060
2062 2067
2068 2070
2071 2073
2074 2075
2077 2079
2080 2081
2083 2085
2088 2092
2093 2095
2096 2098
2100 2101
2102 2103
2106 2108
2109 2110
2111 2113
2115 2116
2117 2118
2119 2123
2124 2127
2128 2129
2130 2132
2133 2137
2139 2140
2142 2143
2146 2150
2154 2155
2156 2159
2162 2165
2167 2168
2171 2175
2177 2180
2182 2185
2187 2189
2190 2191
2192 2196
2198 2199
2200 2201
2203 2204
2206 2207
2208 2210
2212 2213
2217 2220
2221 2226
2228 2229
2231 2232
2234 2235
2236 2237
2240 2245
2246 2247
2249 2250
2252 2254
2255 2257
2259 2260
2261 2263
2264 2265
2266 2267
2270 2273
2277 2278
2281 2282
2284 2288
2292 2293
2294 2297
2298 2302
2306 2308
2310 2311
2314 2315
2316 2323
2325 2327
2329 2331
2334 2335
2338 2339
2346 2347
2348 2349
2351 2352
2353 2355
2356 2358
2359 2361
2362 2366
2367 2375
2378 2379
2381 2383
2384 2385
2386 2388
2394 2395
2396 2397
2400 2401
2402 2404
2405 2406
2407 2410
2415 2417
2419 2420
2421 2422
2423 2425
2428 2429
2430 2431
2435 2436
2438 2439
2440 2446
2449 2451
2452 2453
2454 2455
2456 2457
2458 2461
2464 2465
2466 2468
2469 2470
2471 2472
2473 2475
2477 2479
2480 2481
2483 2485
2487 2489
2490 2491
2492 2495
2498 2500
2501 2502
2504 2508
2509 2512
2513 2514
2515 2517
2519 2522
2523 2524
2529 2531
2536 2537
2538 2539
2540 2542
2544 2545
2547 2550
2555 2557
2561 2564
2565 2567
2568 2569
2572 2573
2576 2579
2584 2585
2586 2588
2589 2590
2594 2597
2601 2602
2603 2605
2606 2607
2608 2609
2611 2613
2614 2615
2619 2621
2622 2623
2624 2629
2632 2633
2634 2635
2636 2639
2640 2641
2643 2644
2645 2649
2651 2652
2654 2655
2657 2659
2660 2661
2662 2663
2664 2665
2666 2667
2668 2669
2670 2671
2672 2673
2674 2675
2678 2680
2682 2683
2684 2685
2686 2689
2691 2693
2694 2695
2697 2700
2702 2703
2705 2706
2709 2710
2711 2713
2714 2718
2719 2720
2721 2724
2727 2730
2733 2734
2735 2736
2737 2739
2741 2742
2744 2748
2752 2756
2758 2759
2762 2763
2765 2767
2768 2777
2779 2780
2782 2783
2784 2785
2787 2788
2790 2792
2793 2795
2796 2798
2800 2801
2803 2805
2806 2807
2808 2812
2813 2815
2818 2819
2820 2822
2823 2825
2826 2827
2828 2829
2830 2838
2839 2840
2841 2844
2847 2849
2851 2853
2854 2855
2856 2858
2860 2862
2863 2864
2865 2871
2872 2873
2876 2878
2879 2882
2892 2893
2899 2904
2905 2906
2907 2908
2909 2910
2911 2913
2914 2915
2917 2919
2920 2921
2924 2926
2927 2930
2933 2937
2938 2940
2945 2946
2948 2950
2952 2953
2955 2956
2959 2961
2962 2965
2969 2971
2972 2973
2975 2976
2977 2978
2984 2985
2987 2988
2989 2990
2991 2992
2994 2996
2997 3001
3002 3003
3007 3009
3011 3014
3017 3019
3020 3021
3022 3029
3030 3031
3032 3034
3036 3039
3040 3041
3046 3048
3050 3051
3052 3054
3055 3057
3058 3060
3061 3063
3071 3072
3073 3074
3076 3077
3078 3085
3087 3089
3092 3093
3094 3095
3096 3098
3103 3105
3106 3108
3109 3111
3112 3113
3115 3117
3118 3120
3121 3123
3124 3125
3132 3134
3135 3136
3137 3139
3143 3144
3145 3147
3149 3150
3151 3152
3153 3156
3158 3159
3160 3161
3163 3164
3165 3166
3167 3168
3169 3171
3172 3173
3174 3175
3178 3180
3181 3182
3184 3186
3190 3197
3198 3203
3204 3205
3206 3207
3209 3212
3216 3219
3221 3223
3224 3225
3226 3227
3231 3232
3238 3243
3245 3246
3247 3250
3252 3253
3254 3255
3257 3258
3260 3264
3265 3266
3269 3272
3273 3274
3280 3281
3284 3285
3286 3287
3289 3292
3293 3296
3298 3300
3301 3304
3307 3308
3309 3310
3312 3313
3318 3319
3320 3325
3328 3330
3331 3334
3340 3343
3345 3349
3351 3355
3357 3359
3362 3365
3367 3370
3373 3374
3375 3376
3379 3380
3382 3385
3386 3387
3388 3390
3391 3395
3398 3401
3402 3404
3405 3409
3410 3415
3416 3423
3424 3425
3427 3428
3429 3430
3433 3434
3435 3436
3438 3439
3447 3448
3451 3453
3454 3455
3456 3457
3459 3460
3462 3464
3465 3467
3468 3469
3473 3474
3475 3476
3477 3478
3479 3484
3486 3487
3488 3489
3490 3491
3492 3494
3498 3499
3500 3501
3503 3505
3507 3508
3509 3510
3511 3513
3515 3517
3518 3519
3520 3522
3523 3525
3527 3528
3531 3533
3535 3537
3539 3541
3542 3543
3544 3545
3546 3547
3548 3550
3551 3554
3555 3558
3560 3562
3565 3568
3570 3572
3573 3575
3576 3577
3578 3582
3583 3588
3589 3590
3591 3592
3593 3594
3595 3596
3598 3599
3601 3604
3605 3606
3608 3612
3614 3615
3616 3618
3619 3623
3625 3627
3629 3630
3631 3632
3633 3634
3635 3637
3640 3641
3644 3645
3647 3648
3651 3654
3656 3657
3658 3660
3661 3663
3664 3665
3667 3668
3669 3673
3674 3676
3677 3678
3679 3680
3681 3687
3689 3690
3691 3693
3695 3697
3698 3700
3704 3705
3706 3708
3709 3710
3711 3713
3715 3716
3719 3720
3722 3724
3725 3731
3733 3734
3735 3736
3737 3738
3743 3745
3747 3748
3749 3750
3756 3757
3761 3762
3763 3764
3765 3767
3771 3772
3774 3775
3776 3780
3782 3783
3788 3789
3790 3791
3793 3794
3796 3798
3801 3802
3806 3807
3808 3809
3810 3815
3817 3818
3822 3824
3825 3826
3827 3830
3834 3835
3840 3842
3843 3849
3851 3853
3855 3859
3860 3865
3866 3869
3872 3873
3874 3876
3878 3879
3881 3884
3885 3889
3891 3892
3893 3898
3899 3904
3908 3910
3912 3914
3918 3919
3921 3924
3925 3926
3927 3929
3930 3936
3938 3939
3940 3942
3944 3946
3948 3951
3952 3953
3954 3955
3956 3957
3958 3960
3961 3963
3966 3969
3975 3977
3978 3980
3981 3983
3984 3985
3990 3991
3993 3997
4001 4002
4004 4005
4006 4007
4009 4011
4012 4017
4018 4020
4021 4025
4031 4032
4033 4037
4039 4040
4043 4045
4046 4048
4049 4050
4052 4056
4058 4059
4060 4062
4064 4065
4067 4069
4071 4073
4074 4075
4078 4083
4084 4086
4087 4088
4091 4094
4095 4097
4099 4102
4104 4106
4107 4109
4111 4114
4115 4117
4123 4124
4126 4127
4129 4130
4132 4133
4134 4135
4142 4143
4144 4147
4150 4152
4154 4155
4156 4160
4164 4165
4166 4170
4171 4173
4175 4177
4178 4179
4182 4183
4184 4187
4188 4189
4190 4192
4193 4196
4197 4198
4199 4201
4202 4205
4206 4209
4210 4211
4212 4213
4215 4216
4219 4220
4222 4223
4224 4226
4227 4228
4230 4232
4235 4236
4245 4247
4248 4249
4250 4251
4253 4258
4259 4260
4261 4263
4265 4266
4267 4268
4271 4272
4273 4276
4278 4279
4281 4283
4284 4285
4287 4289
4291 4293
4295 4298
4300 4301
4304 4311
4313 4315
4317 4318
4319 4321
4322 4324
4325 4327
4330 4331
4334 4335
4337 4338
4339 4340
4341 4342
4343 4351
4352 4353
4355 4356
4358 4359
4360 4361
4364 4365
4369 4370
4372 4373
4375 4376
4378 4383
4385 4386
4388 4392
4393 4396
4397 4398
4399 4403
4404 4405
4407 4409
4410 4412
4413 4414
4418 4419
4420 4421
4423 4429
4430 4434
4435 4436
4440 4441
4443 4444
4445 4446
4447 4448
4449 4451
4452 4454
4457 4458
4459 4461
4466 4467
4468 4469
4470 4473
4474 4479
4482 4484
4486 4487
4488 4489
4491 4492
4493 4494
4496 4497
4498 4499
4503 4506
4507 4508
4511 4512
4522 4523
4525 4527
4531 4532
4533 4534
4536 4539
4540 4541
4544 4545
4548 4549
4556 4557
4559 4560
4561 4562
4563 4566
4567 4568
4573 4575
4576 4577
4578 4581
4583 4588
4589 4590
4591 4594
4595 4598
4599 4603
4607 4609
4611 4613
4615 4616
4618 4621
4622 4623
4625 4629
4631 4635
4636 4638
4639 4640
4641 4643
4644 4645
4646 4653
4658 4659
4661 4663
4666 4670
4671 4678
4681 4685
4686 4687
4691 4692
4694 4695
4696 4697
4698 4699
4702 4704
4706 4707
4708 4709
4710 4711
Ne.
1118
0 1
2 3
4 8
12 15
16 17
20 21
23 25
26 27
32 35
36 37
38 40
41 43
49 51
54 55
58 61
63 64
65 66
69 70
72 74
79 80
81 83
85 86
87 88
89 93
95 98
105 110
113 114
115 117
121 122
126 127
132 133
134 135
137 138
139 141
142 143
144 147
149 152
153 159
160 163
164 165
173 179
183 187
189 192
193 194
195 197
199 200
207 210
211 214
215 217
218 219
221 222
223 227
228 229
233 235
236 237
238 241
244 245
250 253
254 256
257 259
263 265
267 269
270 271
273 274
276 278
280 281
282 284
288 289
290 291
293 294
295 296
298 299
300 301
302 303
305 311
312 313
314 316
317 318
319 320
322 325
328 329
331 334
335 337
339 340
343 344
345 346
347 348
350 352
353 354
355 357
360 361
370 371
372 374
375 376
377 379
380 381
382 384
385 388
392 394
397 398
400 401
403 404
405 408
412 413
414 417
421 425
427 433
438 440
441 444
447 450
452 455
458 459
460 462
463 466
467 468
469 470
471 477
480 481
482 483
484 485
486 487
488 489
490 493
495 496
497 498
500 502
503 508
515 516
521 522
527 531
533 534
537 539
540 545
546 547
548 550
551 553
555 560
563 566
568 569
570 571
572 574
575 576
579 580
582 583
584 586
587 590
594 595
596 604
605 606
608 609
611 612
613 614
615 616
617 619
621 622
625 627
628 631
634 635
636 637
641 642
644 646
647 648
650 651
653 654
655 656
658 660
662 663
665 667
669 676
679 683
685 686
687 689
692 694
695 697
699 700
702 703
706 707
709 710
715 716
717 718
723 724
725 727
729 730
731 732
734 735
736 737
738 739
745 748
750 755
757 758
759 760
762 764
768 769
770 772
777 778
782 785
792 794
795 798
799 800
802 806
810 811
813 814
815 817
819 825
826 829
830 832
834 837
840 843
846 849
850 851
852 854
855 856
858 861
863 864
866 869
870 872
877 879
882 883
884 889
892 893
895 896
897 898
899 904
906 908
910 911
912 913
914 916
917 919
920 922
924 925
926 928
930 932
935 936
937 940
941 942
944 945
948 950
951 952
953 954
955 957
959 960
964 969
970 972
975 976
977 978
980 981
982 984
985 990
991 994
995 996
998 999
1000 1003
1006 1007
1009 1010
1012 1013
1015 1018
1020 1024
1025 1027
1028 1033
1034 1036
1038 1039
1040 1042
1043 1046
1048 1050
1051 1054
1056 1058
1059 1060
1061 1062
1064 1065
1068 1069
1070 1071
1073 1076
1078 1079
1084 1086
1088 1089
1092 1093
1097 1098
1099 1101
1110 1113
1114 1117
1120 1121
1122 1127
1128 1130
1133 1134
1135 1136
1137 1143
1149 1154
1155 1156
1158 1159
1162 1165
1168 1169
1172 1173
1175 1176
1179 1180
1182 1183
1185 1186
1188 1189
1190 1193
1194 1195
1198 1199
1200 1201
1202 1206
1207 1208
1209 1210
1213 1215
1218 1219
1222 1223
1224 1226
1227 1229
1230 1231
1236 1241
1244 1245
1246 1247
1249 1250
1253 1255
1256 1257
1259 1263
1264 1268
1273 1277
1278 1280
1281 1282
1283 1285
1287 1290
1294 1295
1296 1297
1299 1300
1302 1303
1304 1308
1309 1313
1317 1318
1319 1322
1325 1327
1328 1330
1331 1334
1338 1342
1344 1345
1346 1347
1348 1350
1351 1352
1354 1355
1356 1358
1359 1360
1361 1363
1364 1365
1367 1368
1370 1375
1376 1377
1378 1379
1380 1381
1384 1385
1386 1387
1392 1398
1399 1402
1403 1404
1408 1410
1413 1414
1415 1419
1423 1426
1427 1430
1431 1432
1433 1435
1436 1437
1438 1439
1440 1441
1443 1444
1446 1448
1449 1450
1451 1454
1456 1457
1459 1461
1462 1463
1466 1467
1472 1474
1475 1476
1478 1479
1482 1483
1484 1487
1488 1489
1490 1497
1498 1503
1504 1505
1506 1507
1508 1509
1511 1512
1514 1515
1517 1518
1520 1521
1522 1524
1525 1526
1528 1529
1530 1535
1536 1539
1542 1543
1545 1548
1550 1551
1552 1558
1562 1565
1567 1568
1570 1571
1572 1574
1575 1577
1578 1581
1582 1583
1584 1587
1590 1592
1595 1596
1597 1598
1599 1600
1601 1606
1607 1608
1610 1611
1613 1615
1617 1619
1620 1622
1627 1628
1631 1635
1637 1638
1639 1642
1645 1646
1648 1649
1650 1652
1653 1654
1655 1659
1663 1664
1665 1666
1667 1669
1670 1672
1673 1674
1675 1676
1679 1680
1681 1684
1685 1686
1687 1689
1691 1695
1697 1703
1704 1705
1706 1708
1709 1710
1711 1715
1716 1717
1718 1719
1724 1726
1727 1731
1732 1733
1735 1738
1739 1740
1741 1743
1745 1746
1749 1751
1754 1759
1762 1763
1764 1770
1771 1773
1774 1776
1778 1779
1781 1782
1783 1791
1793 1798
1800 1801
1802 1805
1808 1810
1814 1815
1817 1818
1820 1822
1823 1825
1826 1827
1828 1829
1830 1833
1834 1835
1836 1837
1838 1839
1840 1841
1843 1844
1845 1847
1848 1849
1852 1854
1855 1856
1858 1860
1861 1862
1865 1866
1867 1868
1870 1872
1876 1878
1879 1881
1884 1886
1887 1888
1889 1890
1892 1894
1895 1896
1897 1898
1899 1900
1902 1903
1904 1906
1912 1913
1914 1916
1918 1920
1924 1932
1935 1936
1937 1940
1941 1943
1947 1952
1953 1956
1957 1960
1963 1964
1965 1966
1970 1972
1975 1976
1977 1979
1980 1981
1982 1983
1985 1986
1987 1988
1991 1993
1994 1995
1996 1997
1998 2003
2006 2011
2013 2018
2019 2025
2026 2028
2031 2032
2034 2037
2038 2041
2043 2046
2050 2052
2053 2055
2056 2057
2060 2061
2062 2063
2067 2068
2070 2071
2072 2076
2077 2078
2080 2082
2084 2086
2087 2091
2092 2093
2095 2096
2097 2099
2100 2101
2104 2106
2107 2108
2110 2112
2116 2117
2119 2122
2123 2125
2126 2129
2130 2132
2133 2135
2136 2137
2141 2142
2144 2146
2151 2152
2153 2155
2160 2161
2163 2166
2167 2168
2169 2170
2171 2172
2173 2178
2179 2180
2181 2185
2187 2190
2191 2192
2193 2194
2196 2197
2200 2201
2202 2204
2205 2206
2208 2210
2214 2215
2216 2222
2223 2225
2226 2230
2231 2232
2233 2234
2235 2237
2238 2239
2244 2245
2247 2250
2252 2253
2255 2259
2261 2262
2264 2266
2269 2271
2272 2273
2275 2276
2277 2278
2279 2281
2282 2289
2291 2292
2294 2295
2296 2298
2300 2305
2307 2310
2314 2318
2320 2323
2324 2325
2327 2329
2330 2332
2333 2335
2336 2338
2339 2341
2343 2344
2345 2348
2349 2350
2353 2354
2357 2359
2361 2365
2366 2367
2369 2371
2374 2375
2377 2379
2380 2382
2384 2386
2387 2389
2393 2397
2398 2399
2401 2404
2409 2411
2413 2415
2417 2419
2423 2424
2429 2430
2431 2433
2435 2437
2443 2444
2446 2448
2449 2452
2454 2456
2458 2459
2460 2461
2462 2463
2464 2465
2468 2471
2473 2475
2478 2479
2480 2481
2482 2483
2486 2488
2490 2494
2496 2498
2502 2503
2505 2506
2507 2508
2510 2511
2513 2514
2515 2518
2519 2521
2524 2525
2530 2531
2532 2535
2539 2541
2542 2543
2545 2547
2548 2549
2550 2551
2553 2555
2556 2560
2561 2562
2564 2565
2567 2569
2574 2575
2578 2579
2583 2584
2585 2590
2591 2592
2593 2594
2599 2600
2601 2603
2605 2608
2609 2610
2611 2612
2615 2617
2618 2620
2621 2625
2626 2631
2633 2634
2635 2636
2637 2638
2639 2641
2643 2644
2648 2649
2651 2656
2657 2658
2662 2663
2664 2665
2666 2668
2669 2670
2671 2672
2673 2675
2676 2678
2680 2681
2682 2684
2685 2687
2688 2691
2692 2694
2695 2696
2698 2700
2701 2702
2703 2704
2705 2706
2707 2708
2713 2719
2720 2721
2722 2723
2724 2725
2726 2728
2729 2731
2732 2734
2735 2736
2738 2741
2742 2744
2745 2751
2756 2758
2760 2762
2764 2767
2768 2770
2776 2777
2781 2785
2793 2795
2796 2797
2798 2800
2801 2807
2808 2810
2813 2815
2816 2817
2822 2823
2824 2826
2828 2829
2831 2833
2834 2835
2836 2840
2843 2844
2847 2848
2852 2853
2854 2855
2856 2858
2860 2865
2868 2870
2871 2872
2875 2876
2877 2881
2888 2889
2890 2892
2893 2894
2895 2896
2897 2898
2899 2900
2901 2902
2903 2904
2906 2907
2911 2913
2914 2915
2917 2920
2921 2924
2927 2928
2930 2932
2934 2935
2936 2937
2938 2939
2940 2941
2944 2945
2947 2952
2953 2955
2956 2958
2959 2961
2962 2963
2969 2970
2971 2974
2980 2982
2983 2984
2985 2987
2988 2990
2991 2992
2993 2994
2997 2998
3001 3003
3004 3005
3006 3007
3008 3009
3010 3011
3012 3013
3018 3019
3022 3024
3025 3026
3027 3030
3032 3033
3034 3038
3039 3041
3042 3043
3044 3045
3046 3049
3051 3054
3056 3057
3061 3062
3064 3065
3068 3073
3074 3077
3089 3091
3092 3093
3097 3098
3099 3102
3103 3104
3108 3109
3111 3112
3114 3117
3118 3122
3123 3126
3128 3129
3132 3135
3136 3137
3138 3141
3142 3144
3145 3148
3149 3152
3156 3157
3160 3161
3164 3165
3167 3168
3170 3171
3172 3173
3175 3179
3180 3185
3192 3193
3195 3196
3197 3199
3200 3202
3203 3205
3206 3207
3209 3210
3211 3213
3214 3215
3217 3223
3226 3227
3228 3229
3230 3231
3232 3233
3237 3238
3239 3240
3241 3243
3245 3247
3248 3249
3250 3251
3252 3253
3255 3257
3260 3263
3267 3268
3269 3271
3273 3276
3277 3281
3283 3286
3288 3291
3292 3293
3298 3299
3301 3303
3304 3305
3308 3310
3312 3316
3318 3319
3321 3322
3327 3329
3332 3333
3336 3337
3338 3340
3341 3342
3344 3345
3348 3351
3352 3353
3354 3355
3359 3360
3362 3363
3364 3365
3366 3368
3369 3373
3374 3376
3377 3378
3379 3380
3382 3384
3387 3392
3394 3398
3399 3403
3405 3406
3409 3414
3416 3419
3420 3422
3424 3425
3432 3434
3437 3443
3448 3452
3453 3455
3456 3458
3461 3464
3465 3470
3471 3474
3476 3477
3478 3486
3488 3490
3492 3496
3497 3500
3501 3503
3505 3506
3511 3512
3513 3514
3515 3516
3517 3518
3519 3526
3527 3529
3531 3533
3536 3537
3540 3542
3544 3546
3547 3553
3554 3557
3558 3559
3560 3561
3562 3563
3565 3567
3569 3570
3571 3573
3580 3582
3585 3586
3590 3592
3593 3600
3601 3605
3607 3610
3611 3614
3619 3620
3622 3624
3629 3630
3631 3632
3633 3634
3639 3641
3642 3643
3644 3645
3646 3647
3648 3651
3657 3658
3659 3661
3665 3668
3671 3675
3677 3678
3680 3681
3688 3691
3696 3697
3698 3701
3703 3704
3706 3709
3713 3715
3716 3717
3720 3726
3727 3729
3730 3732
3735 3736
3737 3739
3741 3745
3748 3750
3751 3752
3756 3759
3761 3762
3763 3765
3766 3767
3769 3772
3773 3775
3777 3778
3782 3784
3785 3786
3789 3791
3793 3794
3795 3798
3800 3801
3802 3803
3805 3806
3807 3809
3810 3811
3812 3813
3815 3816
3818 3819
3822 3823
3825 3827
3829 3831
3834 3837
3841 3842
3845 3846
3849 3852
3853 3856
3857 3858
3859 3861
3862 3863
3864 3868
3870 3871
3872 3875
3876 3877
3878 3879
3880 3884
3886 3887
3890 3891
3893 3894
3895 3897
3900 3902
3904 3905
3906 3914
3917 3922
3925 3926
3931 3932
3934 3936
3941 3943
3947 3948
3949 3956
3957 3959
3961 3965
3967 3970
3972 3973
3977 3978
3979 3981
3982 3984
3985 3987
3990 3992
3996 4000
4002 4003
4006 4007
4008 4011
4012 4014
4015 4016
4021 4022
4023 4027
4028 4029
4032 4033
4034 4036
4045 4047
4050 4052
4053 4054
4055 4057
4058 4059
4060 4061
4063 4064
4066 4067
4069 4070
4072 4074
4075 4077
4078 4079
4080 4081
4086 4089
4091 4094
4095 4099
4100 4101
4102 4103
4107 4111
4114 4115
4122 4126
4127 4128
4129 4131
4132 4133
4134 4136
4139 4144
4145 4147
4149 4152
4154 4157
4159 4161
4163 4167
4168 4169
4172 4173
4174 4175
4176 4178
4179 4185
4186 4187
4194 4197
4200 4202
4203 4205
4206 4209
4214 4215
4217 4218
4219 4222
4224 4225
4226 4227
4228 4229
4230 4231
4232 4236
4237 4238
4239 4241
4243 4246
4249 4250
4251 4252
4254 4257
4260 4261
4263 4265
4267 4268
4272 4274
4275 4278
4280 4283
4289 4291
4292 4293
4294 4297
4299 4302
4306 4308
4312 4313
4315 4317
4321 4326
4327 4328
4329 4341
4342 4345
4346 4347
4349 4352
4353 4354
4356 4357
4358 4360
4365 4368
4369 4372
4374 4375
4378 4379
4381 4386
4388 4389
4391 4394
4395 4397
4398 4403
4405 4406
4407 4409
4412 4413
Ne.
955
6 7
11 13
15 19
20 21
22 23
24 26
27 30
31 34
37 38
39 40
41 42
47 48
49 53
55 59
61 62
63 65
67 69
70 71
72 73
74 75
76 78
81 82
83 84
91 93
94 96
98 99
102 103
104 105
106 107
108 111
113 119
120 121
122 124
125 126
129 130
131 132
133 135
136 137
138 145
146 148
157 160
162 165
168 170
171 172
173 176
177 178
182 185
186 187
188 190
191 193
196 197
198 199
200 201
203 204
206 210
217 221
228 231
233 234
236 239
242 243
244 246
250 251
253 254
255 257
258 260
262 264
266 268
269 270
272 273
274 275
277 279
280 281
282 284
287 288
289 291
292 293
295 296
297 298
300 304
305 306
307 308
309 312
314 315
316 317
318 319
321 326
328 331
332 334
335 339
340 343
344 345
348 350
351 353
356 359
362 363
364 365
367 369
371 375
377 378
379 380
381 383
384 385
386 389
393 396
397 399
401 402
403 404
406 407
408 409
410 418
420 421
426 427
428 431
432 433
437 439
440 441
445 446
447 449
450 453
455 461
462 463
465 467
468 469
476 479
480 481
483 485
486 488
490 491
492 494
497 499
501 502
503 507
508 511
512 515
516 517
518 520
523 524
525 529
530 531
532 533
534 536
539 540
541 543
545 546
549 550
551 552
553 554
555 556
560 564
565 568
570 571
573 575
576 577
579 580
581 582
583 585
586 587
588 589
590 591
592 598
599 600
601 607
608 610
614 615
616 617
619 621
622 623
628 630
631 632
637 641
644 645
649 650
652 653
656 657
659 661
662 664
667 669
670 674
678 681
684 685
695 698
701 707
708 709
711 713
714 715
718 720
722 723
725 726
727 729
732 733
734 735
736 741
744 745
746 748
749 752
754 755
757 760
761 762
764 773
776 778
779 780
781 784
785 786
787 791
793 794
795 800
801 802
803 804
806 807
808 810
811 812
814 816
819 821
822 823
824 827
828 830
833 835
837 838
839 840
841 842
843 845
846 847
849 850
852 854
856 857
858 859
860 861
867 868
873 880
882 883
887 888
890 892
894 896
899 900
901 903
907 908
909 910
912 915
916 917
918 919
920 922
923 926
928 931
932 935
937 939
942 943
949 950
955 957
958 959
960 961
964 968
969 971
975 977
979 981
982 983
984 985
986 988
996 998
1000 1001
1004 1006
1007 1008
1009 1013
1017 1018
1019 1020
1021 1022
1025 1026
1030 1031
1034 1036
1037 1038
1040 1044
1046 1047
1051 1055
1056 1057
1059 1060
1061 1063
1064 1065
1068 1071
1074 1076
1078 1079
1081 1082
1083 1084
1085 1086
1088 1090
1091 1096
1097 1098
1100 1101
1102 1106
1107 1109
1110 1112
1114 1115
1119 1128
1132 1134
1135 1137
1138 1140
1142 1145
1146 1148
1152 1156
1158 1161
1162 1163
1165 1166
1169 1170
1172 1173
1175 1178
1179 1180
1181 1184
1185 1186
1188 1194
1195 1196
1198 1205
1206 1207
1208 1209
1211 1213
1220 1221
1222 1224
1226 1228
1229 1230
1232 1234
1239 1247
1249 1250
1252 1253
1257 1259
1261 1268
1269 1272
1274 1276
1277 1279
1282 1283
1285 1286
1288 1289
1294 1297
1298 1300
1302 1303
1304 1305
1306 1307
1308 1309
1310 1311
1313 1315
1318 1322
1323 1324
1326 1327
1328 1329
1333 1334
1335 1337
1338 1340
1342 1346
1348 1356
1357 1360
1361 1362
1363 1365
1366 1367
1370 1372
1375 1377
1379 1380
1383 1385
1388 1390
1391 1392
1394 1397
1401 1402
1404 1405
1406 1407
1411 1412
1417 1419
1420 1422
1423 1424
1425 1426
1427 1428
1429 1430
1432 1433
1439 1440
1442 1443
1444 1447
1448 1449
1453 1455
1456 1459
1464 1465
1467 1468
1469 1472
1473 1474
1475 1477
1478 1479
1480 1481
1482 1484
1485 1486
1488 1490
1493 1495
1497 1498
1502 1505
1506 1507
1508 1510
1511 1513
1515 1517
1520 1522
1523 1528
1532 1533
1536 1538
1541 1542
1543 1547
1548 1550
1551 1552
1554 1556
1558 1561
1565 1566
1567 1572
1573 1574
1575 1576
1578 1579
1580 1581
1582 1585
1586 1587
1592 1593
1596 1600
1602 1604
1606 1608
1611 1612
1613 1614
1616 1618
1620 1621
1622 1625
1627 1628
1629 1631
1634 1635
1637 1639
1642 1645
1648 1651
1653 1655
1657 1658
1659 1660
1662 1663
1664 1666
1669 1670
1672 1673
1674 1675
1677 1678
1682 1683
1686 1689
1691 1699
1701 1702
1703 1704
1706 1708
1709 1712
1713 1715
1716 1717
1721 1726
1727 1729
1732 1733
1734 1737
1739 1740
1741 1742
1743 1748
1749 1750
1752 1753
1755 1757
1759 1760
1762 1764
1766 1767
1775 1778
1780 1783
1784 1787
1789 1790
1792 1794
1797 1798
1799 1800
1804 1805
1810 1813
1814 1815
1816 1817
1818 1819
1820 1821
1825 1829
1830 1833
1836 1838
1842 1843
1849 1851
1852 1853
1854 1860
1862 1863
1866 1867
1868 1869
1872 1875
1878 1883
1887 1889
1891 1894
1895 1896
1899 1900
1905 1906
1908 1910
1911 1916
1918 1919
1921 1922
1924 1925
1928 1929
1933 1934
1935 1937
1939 1941
1943 1945
1949 1951
1954 1956
1957 1958
1960 1962
1963 1964
1965 1966
1967 1968
1969 1972
1973 1975
1976 1980
1983 1984
1985 1987
1988 1990
1991 1993
1994 1996
1997 1998
1999 2003
2004 2005
2008 2009
2010 2016
2020 2021
2024 2027
2028 2029
2030 2032
2034 2042
2044 2045
2047 2048
2053 2054
2055 2060
2061 2064
2066 2067
2069 2072
2077 2078
2079 2083
2086 2088
2091 2096
2102 2103
2104 2107
2108 2111
2113 2114
2115 2117
2118 2119
2120 2121
2122 2125
2128 2129
2130 2133
2134 2137
2138 2142
2143 2144
2145 2147
2149 2153
2154 2156
2159 2160
2169 2170
2171 2172
2175 2176
2179 2182
2183 2184
2185 2187
2188 2189
2190 2193
2196 2198
2199 2203
2205 2207
2208 2210
2212 2218
2219 2222
2224 2225
2226 2227
2229 2232
2233 2237
2240 2242
2244 2246
2247 2248
2251 2252
2253 2255
2258 2260
2262 2265
2266 2267
2269 2271
2273 2274
2277 2279
2281 2283
2286 2287
2289 2290
2294 2297
2299 2300
2301 2302
2303 2305
2306 2314
2316 2323
2324 2325
2326 2327
2329 2333
2334 2336
2337 2338
2339 2341
2342 2344
2346 2347
2348 2349
2353 2354
2355 2357
2359 2360
2363 2364
2367 2371
2372 2375
2379 2382
2383 2384
2388 2389
2390 2391
2393 2394
2395 2396
2397 2399
2400 2401
2403 2404
2405 2406
2407 2408
2410 2418
2420 2424
2425 2428
2429 2430
2432 2434
2435 2442
2443 2444
2445 2447
2448 2451
2452 2453
2458 2459
2460 2465
2467 2469
2475 2477
2478 2479
2481 2485
2490 2491
2493 2494
2496 2499
2500 2501
2503 2505
2506 2508
2509 2512
2513 2514
2515 2517
2521 2523
2525 2526
2527 2528
2529 2532
2534 2536
2537 2538
2539 2542
2543 2545
2546 2547
2549 2551
2552 2554
2556 2558
2561 2562
2563 2564
2565 2567
2568 2569
2570 2572
2573 2574
2575 2577
2579 2580
2581 2582
2584 2588
2590 2592
2593 2594
2595 2597
2599 2600
2601 2602
2603 2605
2607 2608
2609 2611
2612 2615
2616 2618
2620 2621
2622 2627
2630 2632
2636 2638
2639 2644
2646 2647
2648 2650
2652 2655
2661 2662
2663 2667
2668 2669
2670 2671
2673 2674
2675 2676
2680 2683
2685 2686
2687 2688
2690 2693
2694 2695
2697 2698
2701 2702
2703 2704
2709 2710
2712 2714
2715 2723
2726 2727
2729 2733
2736 2737
2738 2739
2740 2741
2742 2743
2745 2746
2747 2748
2750 2751
2752 2758
2759 2761
2763 2767
2769 2772
2773 2776
2780 2782
2783 2790
2794 2798
2799 2804
2807 2808
2809 2810
2812 2815
2818 2819
2820 2821
2822 2825
2826 2827
2828 2830
2834 2835
2838 2842
2843 2844
2847 2851
2852 2853
2855 2856
2857 2858
2860 2861
2864 2865
2866 2867
2868 2869
2871 2874
2875 2876
2877 2880
2882 2883
2891 2893
2894 2897
2898 2899
2901 2902
2907 2908
2910 2913
2915 2918
2920 2921
2923 2926
2928 2933
2934 2935
2940 2941
2942 2943
2946 2947
2949 2956
2957 2962
2967 2969
2970 2972
2974 2976
2977 2978
2979 2980
2981 2982
2985 2986
2989 2991
2993 2995
2997 2998
2999 3004
3005 3007
3008 3009
3010 3011
3012 3015
3018 3019
3020 3021
3022 3023
3026 3027
3028 3029
3030 3031
3032 3033
3036 3038
3042 3046
3047 3049
3051 3052
3054 3055
3057 3059
3060 3061
3064 3065
3066 3067
3070 3071
3072 3073
3075 3076
3077 3078
3079 3082
3084 3085
3086 3087
3090 3095
3100 3101
3105 3109
3111 3112
3113 3116
3118 3121
3124 3125
3126 3131
3133 3138
3140 3141
3143 3144
3147 3148
3151 3152
3153 3155
3156 3157
3160 3161
3162 3165
3167 3173
3176 3177
3178 3179
3182 3183
3184 3187
3189 3190
3193 3194
3195 3197
3198 3199
3200 3201
3202 3204
3208 3209
3215 3216
3219 3220
3223 3224
3226 3228
3231 3233
3234 3235
3236 3237
3239 3240
3243 3245
3251 3252
3253 3255
3256 3259
3262 3264
3266 3268
3271 3273
3274 3275
3279 3280
3283 3285
3286 3288
3291 3292
3293 3295
3296 3298
3299 3303
3308 3313
3315 3317
3318 3319
3321 3325
3328 3329
3330 3332
3335 3337
3338 3341
3342 3344
3345 3347
3349 3350
3351 3353
3354 3355
3356 3357
3358 3359
3360 3363
3364 3365
3366 3371
3373 3374
3375 3376
3377 3379
3380 3385
3386 3388
3389 3391
3392 3393
3394 3396
3399 3400
3402 3403
3405 3406
3411 3414
3418 3419
3420 3422
3423 3428
3429 3430
3433 3434
3435 3438
3439 3441
3442 3443
3444 3446
3447 3450
3456 3457
3460 3463
3466 3467
3471 3472
3476 3477
3479 3480
3481 3483
3484 3485
3489 3490
3492 3493
3495 3497
3498 3499
3500 3503
3504 3505
3507 3509
3513 3514
3515 3516
3517 3524
3525 3526
3527 3535
3536 3538
3539 3542
3543 3548
3550 3551
3552 3553
3554 3557
3558 3561
3562 3563
3566 3567
3570 3574
3578 3579
3580 3581
3582 3583
3584 3586
3587 3589
3590 3591
3592 3594
3599 3600
3602 3603
3604 3607
3608 3609
3612 3614
3616 3618
3621 3623
3624 3625
3626 3629
3631 3635
3636 3639
3641 3643
3644 3645
3646 3648
3649 3652
3654 3657
3658 3661
3664 3667
3669 3671
3675 3677
3679 3680
3681 3682
3686 3687
3688 3689
3690 3691
3692 3694
3695 3697
3698 3699
3701 3702
3703 3704
3705 3707
3710 3712
3718 3721
3723 3724
3725 3726
3728 3729
3730 3733
3734 3736
Ne.
750
0 1
3 4
5 6
13 14
15 18
19 21
22 24
25 27
29 30
31 32
35 38
39 48
49 51
52 57
58 60
62 65
66 67
68 71
73 74
75 76
80 82
84 85
86 91
92 93
95 96
98 99
100 103
105 106
111 112
113 116
117 119
121 122
123 125
127 129
131 133
134 135
138 139
140 143
145 149
150 151
153 156
157 159
161 169
170 173
174 175
178 179
180 185
187 190
192 193
194 195
197 199
200 202
203 207
208 209
211 213
220 222
223 224
226 227
228 229
230 232
233 236
237 239
244 245
246 248
250 255
257 259
261 262
263 264
265 266
268 270
272 273
274 276
278 279
280 282
285 291
293 297
298 299
300 301
303 305
311 312
313 315
320 321
322 324
325 326
327 328
329 331
332 333
334 336
338 340
341 344
345 346
347 354
356 357
358 362
363 365
367 368
369 370
374 376
378 380
382 383
384 386
387 388
389 391
394 395
396 398
399 401
403 405
408 410
411 415
421 423
424 425
426 428
429 430
431 432
433 434
437 438
439 441
446 447
448 449
451 453
456 457
462 463
464 469
470 476
481 483
484 485
487 491
492 493
494 498
501 502
503 504
509 511
516 517
518 519
523 525
528 531
532 533
535 536
538 539
542 543
544 546
548 551
555 559
562 563
565 567
569 571
573 576
581 582
587 588
589 591
594 597
603 604
605 606
609 611
612 613
614 615
616 619
622 623
625 627
631 632
635 636
637 639
640 642
643 644
645 648
649 651
652 653
654 656
658 659
660 663
665 668
669 670
673 674
675 676
680 681
685 687
690 694
695 698
700 702
706 707
708 712
713 715
716 718
723 725
726 727
729 731
732 733
738 739
740 741
742 744
745 747
750 751
755 756
759 761
762 763
766 768
771 775
778 780
784 787
788 792
793 796
807 810
812 815
820 821
822 826
827 828
830 831
835 836
839 840
841 843
844 845
847 848
849 851
855 857
859 860
861 862
863 864
869 872
873 877
879 880
883 884
885 886
887 889
891 894
896 898
901 902
903 906
912 913
915 916
918 925
927 930
932 936
942 944
946 947
948 950
951 953
954 955
956 958
960 961
962 965
966 968
971 972
973 974
976 977
978 979
980 982
983 984
991 992
994 998
999 1001
1003 1005
1006 1009
1013 1015
1016 1017
1019 1020
1021 1023
1024 1025
1026 1028
1029 1030
1031 1032
1033 1034
1035 1036
1039 1040
1043 1044
1045 1049
1050 1052
1053 1057
1063 1064
1066 1068
1070 1075
1077 1078
1079 1080
1081 1082
1083 1084
1085 1086
1088 1089
1090 1091
1094 1095
1096 1101
1102 1105
1108 1109
1110 1113
1114 1115
1118 1119
1121 1123
1124 1126
1127 1129
1131 1132
1133 1134
1138 1139
1140 1142
1147 1148
1149 1150
1154 1156
1159 1160
1166 1168
1169 1170
1173 1174
1176 1177
1178 1181
1184 1185
1187 1188
1192 1193
1196 1202
1203 1204
1205 1208
1210 1211
1212 1213
1215 1217
1222 1223
1224 1228
1233 1234
1235 1241
1243 1244
1246 1247
1248 1250
1251 1252
1257 1258
1259 1261
1263 1265
1266 1268
1271 1272
1274 1276
1277 1278
1282 1283
1285 1287
1289 1291
1292 1293
1294 1295
1297 1298
1299 1309
1310 1312
1315 1316
1317 1318
1319 1320
1321 1326
1327 1328
1329 1330
1331 1332
1333 1334
1336 1337
1338 1339
1342 1346
1348 1350
1353 1356
1358 1359
1360 1362
1365 1366
1368 1370
1371 1372
1373 1374
1375 1379
1381 1383
1384 1385
1386 1387
1388 1389
1390 1395
1398 1400
1402 1403
1407 1408
1410 1411
1416 1418
1421 1422
1424 1426
1428 1429
1430 1436
1438 1439
1442 1444
1447 1448
1449 1450
1452 1453
1454 1459
1460 1470
1471 1475
1476 1478
1479 1481
1482 1483
1485 1489
1491 1493
1498 1501
1502 1504
1505 1506
1507 1508
1510 1514
1515 1516
1518 1519
1520 1522
1523 1525
1526 1528
1529 1531
1532 1534
1536 1538
1544 1547
1548 1550
1551 1555
1561 1562
1563 1564
1568 1569
1570 1571
1575 1576
1577 1578
1581 1583
1584 1586
1588 1590
1591 1593
1594 1596
1597 1598
1600 1601
1603 1605
1607 1609
1610 1611
1612 1616
1617 1621
1623 1625
1626 1628
1630 1631
1634 1637
1641 1642
1644 1645
1646 1651
1652 1653
1656 1659
1661 1663
1665 1666
1667 1668
1669 1672
1675 1676
1677 1679
1680 1681
1684 1686
1688 1689
1690 1691
1693 1694
1696 1697
1699 1701
1702 1704
1705 1706
1707 1709
1711 1714
1715 1721
1722 1724
1725 1726
1728 1729
1732 1733
1736 1737
1740 1741
1749 1750
1755 1757
1759 1762
1763 1765
1768 1772
1773 1782
1783 1784
1785 1787
1788 1791
1796 1797
1800 1801
1804 1805
1810 1811
1819 1820
1822 1824
1825 1827
1828 1829
1831 1833
1834 1835
1836 1837
1839 1843
1846 1847
1854 1858
1863 1865
1866 1867
1870 1872
1874 1876
1879 1881
1883 1885
1888 1889
1891 1892
1893 1894
1895 1897
1898 1899
1903 1908
1909 1910
1912 1915
1917 1919
1920 1921
1922 1925
1927 1930
1933 1934
1936 1939
1941 1943
1944 1946
1948 1950
1953 1955
1957 1958
1959 1960
1961 1962
1965 1969
1970 1972
1975 1979
1981 1982
1985 1987
1988 1989
1990 1994
2001 2003
2007 2008
2010 2011
2013 2014
2018 2021
2022 2023
2027 2028
2029 2032
2034 2035
2036 2037
2038 2039
2041 2047
2050 2051
2052 2054
2055 2056
2057 2059
2061 2063
2064 2065
2067 2069
2070 2071
2072 2073
2076 2079
2080 2081
2084 2087
2091 2092
2093 2094
2097 2100
2101 2102
2104 2107
2108 2109
2110 2111
2112 2114
2116 2118
2119 2122
2126 2127
2129 2130
2135 2136
2139 2140
2143 2144
2145 2146
2147 2149
2150 2151
2152 2153
2155 2157
2161 2162
2165 2166
2168 2171
2172 2175
2176 2177
2180 2181
2182 2183
2184 2186
2188 2190
2191 2194
2198 2199
2200 2202
2204 2212
2217 2220
2224 2226
2227 2228
2229 2231
2232 2235
2236 2237
2238 2240
2244 2245
2246 2251
2252 2253
2256 2260
2264 2265
2267 2270
2272 2275
2276 2278
2280 2282
2285 2288
2289 2294
2295 2298
2299 2302
2303 2304
2305 2308
2310 2312
2313 2324
2326 2333
2334 2336
2337 2339
2341 2342
2343 2344
2349 2350
2351 2352
2356 2357
2358 2360
2363 2366
2367 2368
2370 2371
2372 2377
2379 2380
2384 2390
2391 2392
2397 2399
2400 2401
2402 2405
2408 2409
2417 2418
2419 2421
2422 2426
2428 2429
2439 2440
2441 2442
2443 2444
2446 2447
2449 2450
2451 2453
2457 2458
2459 2460
2461 2462
2463 2464
2465 2466
2468 2469
2470 2473
2476 2479
2480 2484
2487 2489
2490 2492
2493 2494
2495 2497
2498 2503
2506 2507
2510 2513
2517 2518
2520 2523
2524 2525
2527 2533
2534 2535
2536 2537
2540 2545
2546 2548
2554 2555
2556 2557
2559 2560
2566 2568
2569 2570
2572 2573
2574 2576
2579 2580
2581 2582
2583 2584
2585 2588
2589 2590
2591 2593
2594 2600
2601 2602
2605 2606
2607 2608
2610 2611
2614 2617
2618 2620
2621 2622
2629 2631
2632 2633
2634 2635
2636 2639
2640 2643
2644 2645
2648 2653
2654 2655
2660 2664
2665 2666
2670 2678
2680 2681
2684 2685
2687 2690
2691 2692
2695 2696
2697 2698
2699 2700
2701 2702
2703 2708
2709 2710
2711 2712
2714 2715
2719 2720
2721 2722
2723 2724
2729 2730
2731 2732
2733 2738
2741 2743
2744 2746
2747 2748
2749 2751
2755 2757
2758 2759
2761 2764
2765 2766
2770 2771
2774 2775
2777 2778
2779 2780
2781 2784
2794 2799
2801 2802
2808 2818
2819 2820
2821 2822
2824 2825
2827 2829
2830 2834
2836 2837
2838 2845
2846 2847
2849 2851
2853 2854
2855 2857
2858 2864
2865 2867
2868 2869
2871 2875
2876 2879
2880 2882
2883 2885
2887 2890
2891 2893
2898 2899
2900 2901
2902 2903
2904 2905
2907 2908
2909 2910
2911 2912
2915 2916
2917 2921
2922 2924
2926 2927
2928 2929
2930 2932
2934 2936
2939 2941
2944 2945
2947 2948
2952 2954
2957 2960
2961 2972
2973 2974
2975 2978
2979 2982
2984 2985
2986 2987
2990 2993
Ne.
518
2 3
5 6
7 8
12 13
14 15
16 17
19 21
28 29
34 36
37 38
39 40
42 43
44 45
48 49
51 53
55 59
61 62
64 67
74 75
78 79
80 83
84 87
88 89
90 91
92 93
95 98
100 103
109 110
111 112
113 116
117 122
124 127
129 130
131 134
135 139
140 143
145 146
147 148
149 151
152 154
156 158
161 162
163 166
167 173
174 177
179 180
181 182
184 185
186 187
189 191
192 195
196 199
201 203
205 206
208 209
210 211
212 217
218 219
220 221
223 224
226 228
230 234
241 242
245 249
250 255
260 261
263 264
267 270
276 277
280 281
284 286
287 290
292 293
294 302
304 305
307 308
309 311
312 313
316 317
320 321
324 325
329 331
335 336
339 344
345 349
350 352
353 354
359 362
365 369
370 371
372 374
378 381
382 386
387 389
390 391
394 395
402 403
404 405
408 410
411 413
415 416
418 419
421 422
423 425
428 430
431 435
439 440
442 446
448 449
450 451
452 454
455 460
461 463
464 465
469 470
471 476
477 479
480 482
488 490
491 494
497 498
502 503
504 507
509 511
512 516
517 522
523 524
525 526
528 529
530 533
535 537
538 539
544 545
546 547
549 550
552 554
555 557
561 564
567 570
571 572
573 574
576 577
578 579
582 583
586 587
592 594
598 601
604 605
608 609
610 613
615 616
619 621
622 626
628 629
631 632
635 637
638 639
640 643
646 648
650 651
654 657
659 661
662 665
666 669
670 671
675 677
679 681
684 685
686 688
691 692
693 697
699 702
703 707
710 714
715 716
718 719
720 724
725 726
727 733
735 737
738 742
744 745
747 749
751 753
754 755
756 757
758 759
762 763
768 769
770 773
774 775
776 777
778 779
781 787
788 793
795 796
799 802
803 804
807 811
813 815
816 817
822 824
825 826
827 829
830 831
834 836
838 840
841 844
845 849
850 851
854 855
856 857
859 860
861 862
863 864
865 866
867 869
870 872
875 876
878 880
881 883
884 886
887 889
890 898
900 902
903 905
907 908
913 914
915 916
917 920
921 923
924 926
927 929
930 931
932 933
935 938
941 942
944 946
947 948
949 951
952 954
961 962
963 968
970 971
972 974
977 978
979 981
986 987
989 991
992 993
995 997
1000 1001
1004 1005
1006 1010
1011 1012
1013 1014
1015 1022
1027 1029
1031 1034
1035 1036
1037 1039
1041 1042
1043 1044
1047 1048
1051 1053
1054 1055
1058 1060
1061 1063
1065 1066
1070 1075
1076 1077
1078 1079
1080 1081
1083 1088
1089 1090
1091 1092
1096 1099
1101 1104
1105 1106
1110 1113
1116 1118
1119 1121
1123 1125
1126 1130
1132 1135
1136 1138
1139 1140
1142 1143
1144 1146
1147 1148
1155 1157
1159 1161
1162 1164
1165 1166
1168 1169
1172 1173
1174 1176
1177 1178
1181 1182
1183 1187
1188 1189
1190 1200
1206 1207
1210 1215
1216 1217
1219 1221
1223 1225
1226 1227
1228 1229
1234 1237
1238 1239
1240 1241
1242 1243
1244 1245
1248 1249
1250 1252
1254 1257
1260 1261
1262 1264
1265 1269
1270 1273
1274 1278
1279 1280
1283 1284
1285 1286
1287 1289
1292 1298
1300 1301
1303 1305
1310 1313
1316 1319
1320 1323
1325 1329
1330 1334
1335 1336
1337 1339
1340 1342
1343 1344
1345 1351
1352 1353
1357 1358
1359 1361
1364 1365
1367 1372
1374 1375
1376 1378
1380 1381
1383 1387
1390 1392
1393 1398
1400 1401
1402 1403
1405 1406
1408 1409
1411 1414
1419 1422
1423 1425
1426 1428
1429 1430
1431 1432
1433 1434
1435 1440
1451 1455
1459 1461
1462 1463
1465 1466
1467 1468
1472 1473
1474 1478
1479 1480
1481 1483
1485 1486
1487 1488
1493 1495
1497 1498
1499 1500
1503 1505
1506 1507
1508 1510
1511 1513
1514 1515
1516 1517
1520 1522
1524 1525
1527 1529
1532 1535
1536 1537
1541 1543
1544 1548
1550 1552
1555 1556
1558 1559
1561 1562
1568 1573
1575 1578
1580 1581
1586 1590
1596 1598
1599 1600
1601 1603
1605 1606
1609 1612
1616 1617
1619 1620
1621 1623
1628 1629
1630 1631
1632 1633
1636 1637
1639 1641
1644 1646
1650 1651
1652 1653
1656 1658
1659 1661
1663 1666
1667 1671
1673 1675
1676 1677
1681 1682
1683 1685
1693 1694
1699 1701
1702 1710
1711 1713
1714 1716
1718 1719
1724 1725
1727 1730
1731 1734
1735 1736
1738 1740
1742 1744
1746 1748
1749 1754
1755 1758
1762 1763
1767 1768
1769 1770
1771 1774
1775 1776
1777 1778
1779 1781
1782 1783
1784 1786
1787 1789
1791 1794
1795 1798
1802 1803
1804 1807
1809 1814
1815 1816
1818 1821
1822 1823
1824 1825
1826 1828
1832 1834
1835 1836
1838 1839
1840 1841
1844 1845
1851 1852
1856 1858
1859 1860
1862 1863
1864 1867
1868 1869
1876 1878
1879 1880
1884 1885
1887 1888
1894 1896
1899 1900
1902 1903
1905 1907
1908 1911
1912 1913
1915 1917
1918 1919
1924 1925
1928 1931
1933 1935
1936 1939
1940 1944
1947 1948
1951 1953
1954 1956
1957 1958
1959 1961
1964 1966
1967 1968
1969 1973
1975 1976
1979 1980
1982 1983
1985 1986
1988 1991
1992 1997
1998 2000
2002 2003
2004 2005
2007 2013
2015 2016
2018 2022
2023 2026
2027 2028
2031 2033
2037 2041
2043 2048
2050 2054
2055 2059
2061 2062
2063 2064
2066 2070
2072 2073
2074 2075
2076 2077
2079 2080
Ne.
714
0 1
2 5
6 7
10 12
13 14
15 16
19 21
23 24
25 33
37 38
39 40
41 43
45 47
48 49
52 53
55 56
57 58
60 63
67 69
70 72
75 76
77 78
79 80
82 85
86 87
88 89
90 92
93 94
95 96
97 99
101 107
109 112
114 117
120 121
123 124
126 127
128 131
133 136
139 140
143 146
149 150
156 157
158 159
162 168
170 172
173 174
175 176
177 178
179 180
182 184
187 188
189 190
192 193
194 197
201 202
205 209
210 211
215 217
218 219
220 222
227 229
230 232
233 235
239 242
244 246
247 248
249 251
252 253
255 257
261 262
267 269
270 273
275 277
281 282
286 288
291 292
293 294
297 298
299 300
301 302
307 311
312 314
318 321
322 324
325 327
331 332
333 334
335 336
337 338
339 342
343 345
346 347
350 352
356 357
361 363
368 369
370 371
372 373
376 384
385 386
387 393
394 395
396 399
401 403
405 407
408 410
411 412
415 417
418 421
426 430
431 432
433 439
442 444
447 450
451 454
455 456
458 459
460 462
463 465
467 468
471 473
475 477
478 479
482 484
485 487
488 489
490 491
493 494
496 497
499 502
503 505
506 510
513 514
516 517
519 524
525 529
531 533
534 536
537 538
539 540
542 545
546 548
549 550
551 555
557 559
562 565
566 569
571 572
576 577
578 580
582 583
585 586
588 591
598 599
600 602
603 605
606 607
609 610
612 617
618 621
626 627
629 630
631 635
637 640
641 642
644 648
649 651
654 657
658 659
660 661
664 670
674 675
676 677
680 681
683 689
690 692
694 695
696 697
699 700
702 703
705 707
708 709
713 716
717 719
720 722
724 725
726 727
731 733
737 740
746 748
749 750
752 753
755 757
758 759
761 764
768 769
770 776
777 778
782 785
786 789
792 793
796 798
800 805
809 810
812 814
815 817
818 819
821 823
824 826
835 836
837 841
845 847
848 849
854 855
858 859
865 867
869 870
873 874
877 885
886 887
890 893
894 895
896 897
899 902
905 906
907 908
911 914
916 917
918 921
922 923
925 930
931 932
934 936
939 941
942 943
944 946
947 950
952 954
955 956
959 960
961 962
963 964
965 970
971 975
977 979
981 983
984 987
990 991
992 993
996 1000
1002 1003
1008 1011
1012 1016
1017 1018
1019 1020
1023 1026
1028 1029
1031 1033
1035 1036
1037 1039
1042 1052
1053 1055
1057 1060
1062 1063
1065 1067
1068 1070
1071 1072
1073 1075
1083 1086
1087 1094
1096 1103
1104 1107
1109 1112
1115 1117
1120 1121
1122 1123
1126 1127
1128 1129
1132 1133
1136 1137
1139 1141
1146 1147
1149 1152
1153 1155
1157 1161
1162 1166
1167 1168
1174 1175
1178 1180
1181 1182
1184 1185
1188 1190
1191 1193
1194 1195
1197 1198
1200 1201
1203 1206
1207 1209
1210 1218
1220 1221
1223 1226
1227 1228
1229 1230
1232 1236
1238 1239
1240 1244
1247 1249
1250 1251
1252 1255
1256 1257
1258 1261
1264 1265
1266 1267
1268 1269
1270 1273
1276 1279
1282 1285
1290 1291
1292 1293
1294 1295
1296 1300
1304 1305
1306 1310
1311 1312
1315 1316
1317 1318
1319 1320
1322 1323
1324 1326
1327 1328
1333 1334
1335 1336
1337 1338
1339 1340
1341 1342
1343 1346
1350 1351
1355 1358
1361 1364
1366 1367
1368 1373
1378 1379
1384 1387
1389 1390
1393 1394
1395 1396
1403 1406
1408 1412
1413 1414
1416 1418
1420 1422
1424 1428
1431 1433
1434 1436
1441 1446
1449 1451
1453 1454
1456 1458
1461 1466
1467 1468
1469 1470
1471 1473
1474 1475
1476 1478
1479 1480
1481 1482
1483 1484
1487 1488
1489 1491
1493 1494
1495 1498
1499 1500
1501 1502
1503 1505
1509 1512
1513 1515
1516 1517
1520 1521
1522 1524
1525 1528
1530 1531
1532 1533
1534 1538
1540 1542
1544 1546
1547 1548
1552 1554
1557 1559
1560 1562
1563 1564
1565 1566
1570 1571
1574 1575
1577 1578
1584 1585
1588 1589
1590 1592
1596 1597
1600 1604
1606 1608
1613 1616
1618 1622
1625 1626
1628 1629
1630 1631
1632 1633
1634 1635
1636 1638
1644 1645
1646 1647
1648 1649
1650 1651
1653 1655
1656 1657
1658 1661
1663 1664
1667 1668
1669 1671
1672 1673
1674 1675
1677 1678
1681 1682
1683 1685
1687 1692
1693 1697
1699 1708
1709 1710
1712 1713
1714 1716
1718 1721
1723 1725
1726 1727
1731 1732
1735 1739
1740 1742
1743 1746
1747 1748
1749 1750
1751 1753
1755 1757
1762 1763
1764 1767
1768 1769
1770 1771
1772 1773
1774 1779
1784 1786
1787 1791
1792 1796
1798 1801
1808 1809
1812 1813
1815 1816
1818 1819
1820 1827
1828 1829
1830 1831
1835 1836
1838 1844
1846 1850
1854 1855
1857 1858
1860 1861
1863 1867
1868 1869
1871 1873
1877 1879
1881 1883
1884 1889
1892 1893
1894 1896
1897 1898
1902 1903
1906 1911
1912 1913
1914 1917
1919 1921
1923 1928
1930 1931
1934 1936
1937 1938
1939 1945
1946 1947
1948 1949
1950 1951
1955 1956
1958 1959
1962 1967
1969 1970
1971 1972
1973 1976
1977 1980
1985 1990
1992 2001
2003 2005
2006 2007
2010 2013
2014 2016
2017 2018
2019 2020
2023 2026
2027 2028
2031 2032
2036 2037
2044 2047
2049 2051
2052 2054
2057 2058
2060 2061
2062 2067
2073 2075
2076 2078
2079 2081
2084 2086
2090 2092
2094 2095
2096 2099
2101 2103
2104 2108
2109 2111
2112 2113
2114 2115
2116 2117
2118 2119
2122 2123
2125 2126
2127 2129
2130 2131
2132 2138
2139 2141
2142 2144
2145 2146
2147 2148
2151 2152
2153 2155
2157 2158
2160 2161
2162 2166
2167 2171
2172 2173
2175 2176
2180 2181
2183 2185
2188 2189
2190 2191
2194 2195
2198 2200
2202 2203
2204 2206
2208 2209
2210 2214
2217 2218
2219 2221
2226 2227
2228 2229
2231 2234
2237 2238
2240 2243
2245 2247
2248 2250
2253 2255
2257 2258
2259 2261
2264 2265
2266 2268
2269 2270
2271 2276
2279 2281
2283 2284
2285 2286
2290 2291
2298 2303
2305 2306
2310 2312
2313 2314
2315 2316
2317 2321
2324 2325
2326 2327
2328 2329
2333 2334
2337 2338
2340 2341
2342 2343
2346 2349
2351 2352
2353 2354
2355 2356
2359 2361
2362 2364
2365 2366
2370 2372
2374 2377
2380 2383
2385 2387
2388 2390
2391 2396
2398 2399
2400 2401
2402 2404
2409 2412
2413 2418
2419 2421
2422 2424
2425 2427
2428 2431
2432 2433
2435 2437
2439 2441
2442 2444
2445 2450
2452 2453
2454 2456
2460 2461
2463 2464
2465 2467
2469 2470
2471 2472
2473 2475
2477 2479
2480 2483
2488 2489
2490 2500
2501 2502
2503 2505
2510 2512
2513 2515
2516 2518
2519 2520
2522 2523
2524 2526
2527 2528
2529 2530
2531 2532
2534 2536
2538 2539
2540 2542
2545 2546
2547 2549
2550 2551
2552 2554
2555 2556
2562 2563
2564 2566
2570 2577
2579 2582
2585 2588
2589 2594
2597 2600
2601 2604
2605 2607
2608 2611
2613 2614
2615 2618
2620 2621
2622 2623
2625 2627
2631 2632
2633 2634
2639 2640
2649 2650
2652 2653
2657 2658
2659 2661
2662 2668
2670 2672
2674 2675
2676 2679
2682 2683
2685 2686
2688 2690
2692 2693
2695 2696
2697 2698
2700 2701
2702 2703
2704 2705
2708 2712
2714 2716
2721 2722
2723 2724
2726 2727
2729 2730
2736 2737
2739 2740
2745 2749
2750 2751
2752 2754
2756 2758
2764 2765
2766 2767
2768 2771
2772 2775
2777 2778
2779 2783
2785 2788
2789 2792
2793 2795
2799 2803
2807 2809
2810 2811
2812 2814
2815 2817
2818 2819
2820 2823
2824 2825
2832 2834
2837 2838
2840 2842
2846 2847
2851 2854
2855 2856
2857 2858
2859 2860
Ne.
582
2 3
4 5
7 8
10 13
14 15
16 17
18 20
22 24
25 28
29 31
33 35
36 38
40 41
43 44
45 46
47 51
57 58
60 61
62 64
68 71
72 73
74 75
77 80
82 84
88 93
95 96
104 105
108 110
112 113
117 118
123 125
126 127
130 132
133 135
136 137
138 139
140 141
143 144
150 152
153 154
155 156
157 158
159 160
163 167
168 173
176 177
178 182
183 185
189 190
192 193
196 198
207 210
212 213
214 216
217 218
219 220
223 224
228 230
231 232
236 240
241 244
245 247
249 250
251 253
256 258
260 261
264 265
267 269
270 271
280 283
285 288
289 291
292 293
294 296
297 299
300 303
304 305
306 309
310 313
314 315
316 318
319 321
326 327
328 331
332 334
335 336
338 339
340 342
343 347
349 350
351 352
353 354
356 357
359 360
362 363
364 365
368 371
373 374
376 381
382 384
385 386
389 391
395 397
398 399
403 404
406 408
414 415
416 419
421 422
423 425
429 430
431 436
437 438
442 444
446 452
453 454
455 462
463 464
465 467
469 471
472 473
475 476
477 480
481 485
486 487
488 489
491 492
494 495
498 499
501 502
508 510
514 515
516 517
518 521
522 525
530 531
532 537
542 544
545 546
547 551
552 553
554 558
559 560
563 566
567 569
571 572
577 580
581 582
583 589
591 595
601 603
605 607
610 611
613 615
616 617
618 620
621 624
625 626
629 630
631 633
636 641
643 646
647 652
656 658
659 661
662 663
668 669
671 672
674 679
680 682
684 686
689 691
694 697
702 704
708 709
710 715
716 718
719 723
724 725
726 732
735 736
737 738
739 741
744 745
746 747
751 754
755 760
765 766
768 769
770 773
774 776
780 781
782 783
786 790
793 794
795 797
798 799
801 802
803 804
808 809
811 812
814 818
822 823
824 825
829 832
833 836
840 841
842 844
846 848
850 851
853 854
858 860
863 868
869 870
873 874
876 878
879 880
881 883
884 885
889 890
891 892
894 896
899 900
901 902
907 910
912 916
921 922
926 929
932 934
936 937
939 940
941 942
943 944
947 952
956 958
959 960
961 964
965 973
974 979
981 983
984 985
988 989
992 993
995 996
997 998
999 1000
1001 1003
1006 1007
1011 1012
1015 1016
1017 1019
1021 1022
1023 1024
1027 1030
1031 1035
1036 1037
1038 1039
1040 1041
1043 1046
1053 1055
1057 1059
1060 1061
1062 1063
1064 1065
1067 1070
1072 1076
1078 1080
1083 1084
1086 1087
1088 1089
1092 1095
1098 1099
1100 1102
1103 1105
1112 1117
1118 1121
1122 1123
1126 1128
1129 1137
1138 1140
1141 1143
1144 1145
1146 1148
1150 1151
1152 1154
1155 1156
1158 1159
1160 1161
1162 1163
1164 1165
1166 1167
1168 1170
1171 1172
1173 1174
1175 1176
1180 1181
1183 1184
1185 1190
1192 1197
1202 1203
1204 1205
1206 1207
1211 1213
1214 1216
1219 1222
1226 1230
1231 1233
1235 1236
1237 1239
1240 1241
1244 1245
1246 1249
1250 1251
1252 1253
1257 1261
1262 1265
1268 1271
1272 1275
1276 1277
1278 1282
1286 1289
1291 1293
1295 1296
1298 1299
1302 1303
1306 1310
1312 1313
1316 1317
1319 1326
1328 1329
1331 1332
1333 1335
1343 1345
1347 1349
1351 1353
1355 1356
1357 1359
1361 1363
1365 1367
1370 1371
1373 1374
1376 1377
1380 1386
1387 1388
1392 1394
1398 1400
1403 1407
1409 1410
1411 1413
1416 1418
1421 1425
1426 1428
1429 1430
1433 1437
1438 1439
1440 1441
1442 1443
1445 1452
1456 1458
1460 1464
1465 1467
1470 1471
1472 1473
1476 1479
1480 1481
1482 1484
1488 1489
1490 1492
1493 1494
1495 1496
1497 1499
1501 1502
1503 1506
1508 1510
1511 1513
1514 1517
1520 1521
1523 1524
1529 1531
1532 1535
1536 1538
1540 1542
1543 1546
1548 1549
1557 1558
1559 1561
1562 1563
1565 1566
1567 1568
1569 1570
1575 1576
1581 1588
1589 1591
1594 1596
1597 1598
1599 1600
1602 1604
1605 1608
1609 1611
1613 1616
1617 1623
1628 1629
1631 1634
1635 1636
1637 1640
1642 1643
1647 1656
1660 1665
1668 1669
1670 1674
1675 1677
1678 1684
1687 1691
1693 1697
1698 1702
1706 1707
1708 1709
1710 1711
1713 1717
1718 1720
1724 1725
1728 1729
1732 1738
1739 1740
1742 1743
1744 1749
1752 1754
1757 1759
1761 1763
1765 1766
1767 1769
1770 1773
1774 1775
1776 1781
1784 1785
1790 1791
1792 1793
1794 1796
1798 1800
1803 1804
1805 1806
1807 1808
1809 1812
1814 1818
1819 1821
1822 1823
1824 1827
1828 1831
1832 1834
1835 1839
1840 1845
1848 1849
1850 1853
1855 1856
1857 1859
1862 1864
1866 1867
1869 1871
1872 1875
1876 1877
1878 1882
1884 1886
1888 1889
1891 1892
1899 1900
1901 1903
1904 1906
1907 1908
1909 1910
1911 1915
1921 1926
1927 1928
1929 1930
1932 1933
1937 1939
1940 1941
1943 1947
1948 1949
1951 1952
1954 1955
1956 1957
1958 1960
1962 1963
1967 1971
1973 1974
1975 1976
1977 1978
1980 1981
1985 1987
1988 1989
1990 1992
1993 1994
1995 1999
2001 2002
2003 2004
2006 2007
2008 2012
2016 2018
2019 2020
2021 2025
2026 2027
2031 2032
2033 2035
2043 2044
2045 2048
2049 2053
2054 2055
2056 2058
2059 2060
2061 2062
2063 2065
2067 2068
2069 2071
2072 2073
2075 2077
2078 2079
2081 2086
2087 2088
2089 2091
2094 2097
2098 2099
2100 2101
2102 2104
2107 2110
2111 2112
2113 2116
2123 2126
2127 2129
2130 2133
2134 2135
2136 2138
2140 2143
2144 2147
2148 2149
2151 2153
2156 2158
2159 2161
2162 2168
2170 2171
2173 2175
2177 2180
2182 2184
2185 2187
2189 2191
2192 2194
2196 2201
2204 2206
2209 2210
2211 2215
2216 2217
2218 2220
2222 2223
2224 2226
2227 2230
2231 2234
2237 2240
2243 2244
2245 2246
2248 2250
2252 2255
2257 2262
2264 2265
2266 2269
2270 2274
2276 2277
2278 2282
2284 2285
2286 2288
2289 2290
2296 2298
2299 2303
2304 2305
2306 2307
2310 2311
2312 2314
2317 2320
2322 2323
2326 2329
2330 2332
2333 2334
2336 2338
2340 2341
