2
2 1 3
2 1 4
2
3 2 4
2 4 5
6
3 0 4
3 1 4
3 2 4
1 3 5
2 3 5
0 3 5
4
0 1 4
0 2 3
2 1 4
1 2 3
119
34 48 55
36 34 48
66 65 69
66 65 73
66 67 68
66 67 70
20 14 59
20 23 24
20 23 25
20 23 37
3 1 10
3 1 12
3 9 11
74 76 77
0 1 3
0 1 10
0 1 12
0 2 4
0 2 6
10 1 12
65 66 67
65 69 72
22 21 29
22 21 34
22 26 32
22 26 52
22 40 49
47 32 54
47 32 57
47 32 58
31 42 51
1 0 2
1 0 7
1 0 8
1 3 9
1 10 13
38 20 44
38 20 56
54 32 57
54 32 58
18 14 20
18 14 59
18 27 62
18 28 60
4 2 6
7 0 8
40 22 45
32 26 52
32 47 50
35 22 39
35 22 40
35 22 45
24 23 25
24 23 37
16 15 17
16 15 31
16 41 43
27 18 28
75 74 76
39 22 40
39 22 45
26 22 35
26 22 39
26 22 40
26 22 45
26 32 47
26 32 54
26 32 57
26 32 58
67 70 71
14 15 16
14 15 17
14 15 31
14 18 19
14 18 27
14 18 28
14 20 23
14 20 38
14 20 44
14 20 56
21 22 26
21 22 35
21 22 39
21 22 40
21 22 45
21 29 30
21 34 36
21 34 48
23 20 38
23 20 44
23 20 56
23 24 63
23 25 33
23 37 46
41 43 61
15 14 18
15 14 20
15 14 59
15 16 41
15 17 21
15 31 42
69 65 73
2 0 7
2 0 8
2 4 5
19 18 27
19 18 28
25 23 37
25 33 53
25 33 64
44 20 56
53 33 64
68 67 70
57 32 58
29 21 34
17 15 31
17 21 22
17 21 29
17 21 34
42
0 1 2
0 1 3
19 18 25
19 20 22
38 39 40
42 43 44
16 17 18
16 17 21
16 17 27
16 17 31
16 23 33
14 15 29
14 15 30
14 16 17
14 16 23
41 42 43
6 5 7
15 14 16
35 34 37
17 16 23
17 18 19
17 18 25
17 21 26
17 31 32
5 6 11
5 7 8
7 8 9
27 17 31
2 1 3
1 3 4
20 19 24
20 22 28
29 15 30
21 17 27
21 17 31
8 9 10
34 35 36
18 17 21
18 17 27
18 17 31
18 19 20
18 19 24
47
21 19 22
21 19 23
3 1 12
3 1 13
3 1 15
3 1 18
20 19 21
20 19 22
20 19 23
20 24 25
12 1 13
12 1 15
12 1 18
30 31 34
30 32 33
8 7 11
10 8 16
2 0 4
2 6 7
13 1 15
13 1 18
6 2 9
6 7 8
6 7 11
1 0 2
1 0 4
1 3 5
1 3 14
31 30 32
0 1 3
0 1 12
0 1 13
0 1 15
0 1 18
0 2 6
0 2 9
5 3 14
19 20 24
19 20 28
19 21 26
19 23 27
24 20 28
15 1 18
7 8 10
7 8 16
7 11 17
22 19 23
4
0 1 2
0 1 3
1 0 4
2 1 3
0
0
