3 136
0 53
0 17
0 13
0 22
0 6
0 13
2166787 42
8883205 42
0 83
1059079 64
0 46
0 58
0 61
0 45
5873413 63
16228867 59
3084801 38
0 73
16418563 84
9203715 58
0 53
0 51
7215364 87
0 64
0 59
9041923 75
0 32
0 78
0 20
0 84
0 75
8092419 49
14080261 54
0 53
0 22
11085059 83
12551 86
11343619 90
7188227 64
16633856 62
0 57
0 36
0 36
9219844 53
0 77
0 72
0 48
9098243 69
0 38
0 66
91 42
6401 38
100 117
73 92
84 100
112 42
83 97
75 42
7 49
0 56
0 93
10241 45
5377 60
18945 3
0 27
5377 132
0 40
0 108
6 61
89 102
52 72
6 99
28 41
18433 63
0 5
21 41
0 97
3 104
66 71
0 36
0 39
75 98
107 128
15361 106
32 42
28 42
74 42
14 34
0 114
0 40
107 123
48 58
34 42
10241 60
88 101
101 113
27 42
65 76
96 114
4294967282 42
125100 42
16555017 43
0 13
952073 118
7702540 84
4225285 169
10887936 87
0 235
0 220
4970755 173
1461259 259
9552652 383
2077191 270
6766348 301
893701 471
9001483 313
8182283 320
15503621 375
1069316 346
4615 475
5401091 395
12702729 529
4354 470
382723 329
1282 562
16598787 554
14733059 519
16759051 510
662019 590
5281035 743
3079 720
9912067 869
9780491 755
5639 653
4354 728
14191367 714
11888391 872
12344576 806
11390474 745
10400779 879
1311745 733
5362186 921
10082305 800
4795139 949
2381068 1019
3840268 941
8715531 1126
6066180 1089
9626890 1132
6115340 1104
13318659 1184
7172875 986
11497739 1261
8667651 1284
4497675 1046
1384458 1104
4281098 1297
8774144 1104
99337 1110
5176842 1290
3642633 1397
6502915 1345
7376139 1251
7264268 1140
9223 1375
6841093 1282
10247 1464
6746627 1432
13569291 1293
8525571 1503
8405761 1572
16612099 1488
4615 1491
806667 1477
12956675 1517
3847 1826
13248519 1889
4218881 1466
5923075 1616
13076481 1744
7237379 1718
4257804 1796
122883 1989
6133507 1783
12887808 1967
3373324 1966
11202315 1755
14721283 1749
10646025 1639
15622915 2106
5853699 1844
9054467 1930
2306 2019
10473222 2252
16089091 2001
23303 1800
11949835 2103
0 251
0 112
0 145
0 62
0 178
0 7
0 93
0 190
0 180
0 178
0 116
5890 44
23 42
0 186
63 42
0 23
0 183
0 102
0 135
6914 42
0 76
0 84
0 158
0 195
46 42
0 60
0 94
0 143
0 171
0 191
73 42
0 203
0 181
0 105
0 195
3 125
0 55
0 58
0 83
0 78
79 42
0 23
39 42
0 112
0 163
0 154
77 42
0 175
0 74
0 15
0 53
0 182
78 42
34 42
0 121
0 132
0 110
0 97
0 9
0 23
0 126
6 59
120 1
6 45
6 59
6 77
6 69
2160 1
6 58
6 73
6 65
24 1
24 1
24 1
24 1
24 1
24 1
24 1
24 1
24 1
24 1
120 1
120 1
120 1
120 1
120 1
120 1
120 1
120 1
120 1
120 1
720 1
720 1
720 1
720 1
720 1
720 1
720 1
720 1
720 1
720 1
267914296 223
0 67
0 53
1794 102
8727050 46
13240587 136
8054805 103
12548373 208
770 200
19 266
800019 212
15340810 221
0 325
10328339 216
2304768 315
2420236 288
10245643 403
7372044 391
12030218 424
3065610 512
15972627 369
1794 410
1794 508
1794 460
63759 559
6561283 591
6318339 514
16043520 811
18 663
14130444 575
16113923 643
1119495 655
6701075 722
11548947 658
5239296 740
14287893 574
19 764
11782922 915
18 756
12469004 780
7687 771
4103 995
1775113 867
19 1150
13548294 939
1538 1129
19 867
333830 904
15746560 1071
12994313 1163
18 1069
12085769 1205
2195971 950
19 1157
19 1152
11658508 1157
1442311 1182
5646603 1008
8956170 1074
166933 1337
18 1380
6385925 1287
722442 1407
19 1489
15925772 1374
4944908 1268
19 1340
19 1501
4024325 1462
18 1451
11486720 1700
3054345 1677
12624903 1407
64015 1633
10914309 1816
19 1453
64015 1500
18 1759
16135 1750
11507973 1673
12369162 1813
0 488
0 80
0 28
46159 115
2256645 196
35341 96
43744 53
12318 325
19 163
6 49
19 102
21295 443
11 109
1 231
11299 468
33390 305
36928 346
670 578
12242 440
27756 568
1963976201 31879
18 33200
3310859 32782
18 32527
18 32774
0 3490
770 2928
64782 3788
0 3867
0 3154
0 4104
0 3042
65039 2998
8300544 3433
65039 3005
0 4042
0 3781
0 2672
0 4588
64782 3136
0 2877
65039 3587
0 3173
0 3601
1794 3174
0 3161
65039 3600
0 4263
0 3834
64782 3321
0 3816
64782 3423
0 4490
0 3115
0 3491
0 2866
0 3454
770 3211
0 3806
0 3715
65039 3067
8300544 3361
0 3753
1794 3462
0 3473
0 3321
64782 3041
770 3437
64782 3420
64782 3803
770 3497
0 3057
770 3331
0 4613
1794 3731
0 3485
8300544 3477
0 3672
0 3460
0 4103
0 4284
0 3801
0 3527
0 3208
0 2996
0 4159
0 3497
0 3556
0 3129
0 3260
0 3893
0 3658
65039 3608
0 3008
0 3432
0 3630
0 4242
0 3754
8300544 4375
0 3942
0 3922
770 3005
0 2943
8300544 3861
0 3817
0 4223
0 3026
0 3695
0 2987
0 4578
0 3599
0 3623
0 3846
0 2858
64782 3492
64782 3570
0 2912
0 3719
0 3813
64782 4127
