3 136
0 21
0 30
0 50
8498432 47
0 20
12154371 44
8871939 42
2567 41
6726403 70
11344387 70
6228227 43
9184259 81
5037573 54
0 106
0 50
0 58
0 66
7504131 90
0 17
13415169 95
2823 56
7687 92
10604804 54
0 94
14285312 79
0 38
0 61
0 90
0 48
9590531 54
0 65
0 14
0 50
7496195 66
0 32
11565315 76
0 32
3591 52
4556035 53
0 332
0 54
0 49
0 57
259584 65
0 26
6151 58
0 29
0 37
0 55
0 58
4609 69
81 99
20225 63
42 122
22 67
83 95
0 28
18 42
21 3
69 79
0 107
0 112
18689 111
0 102
0 68
107 123
33 40
29 42
0 39
76 89
0 69
79 96
72 117
0 6
0 59
79 49
63 32
0 36
79 100
84 95
18 34
17153 56
6 41
0 59
0 107
46 65
0 89
7 63
5 109
8961 110
92 102
0 34
77 42
104 119
85 106
97 111
15105 87
36 42
0 99
4294967216 42
121214 42
0 18
0 79
6216455 70
0 67
0 111
0 197
3887372 198
0 249
0 187
3253763 167
11550732 295
1282 239
11877891 191
1336332 330
3558660 209
4763145 342
17415 480
14178054 425
3362823 546
8725769 489
3074316 503
0 490
5917706 556
6952457 464
4770315 572
10684426 588
8455 719
10382849 507
9253899 434
9733123 550
11749132 721
7835911 762
9023500 784
15709959 751
15731715 773
15078403 673
10650121 825
13643014 903
6577926 910
15087882 903
19975 905
5225738 840
8914180 985
2314506 941
4510219 990
15048961 950
9991 1044
10294019 895
10660108 827
7072256 953
12286723 1167
13904651 975
3752707 1167
258 1288
8616453 1388
6195465 1409
8486659 1174
5568003 1454
14912263 1194
16111881 1032
9361164 1375
6043648 1520
13209100 1037
7686155 1508
13910276 1472
11942403 1582
4610 1384
13138697 1332
198665 1514
6919 1524
16396300 1338
7354889 1651
11824138 1589
11672330 1866
16481283 1650
6948355 1360
11921420 1690
4242953 1786
4878849 1793
248064 1785
2696964 1593
5736715 1702
3586 1639
7974405 1644
16467209 1775
5139465 1670
7906563 2027
4741893 1978
2057729 1901
3800075 2021
4652811 1892
2322956 2003
11937545 1751
150017 2003
7933956 1902
2585347 1886
0 48
0 152
15362 41
0 163
12034 41
0 10
0 173
0 115
0 92
12 180
0 6
0 73
0 27
0 50
0 119
0 167
0 121
0 83
0 11
770 43
0 188
59 42
0 152
0 16
0 25
0 12
0 92
0 63
0 47
0 29
0 109
7 144
7 162
0 81
0 22
0 114
0 113
0 55
0 75
72 42
0 148
0 20
0 51
43 42
0 111
0 179
0 59
0 53
0 112
0 60
0 193
0 8
0 20
14 117
9744 38
0 161
0 121
0 9
0 179
15362 41
0 149
3 45
6 42
6 54
6 51
6 70
6 42
6 61
720 1
18 42
6 45
24 1
24 1
24 1
24 1
24 1
24 1
24 1
24 1
24 1
24 1
120 1
120 1
120 1
120 1
120 1
120 1
120 1
120 1
120 1
120 1
720 1
720 1
720 1
720 1
720 1
720 1
720 1
720 1
720 1
720 1
267914296 223
19 38
14349315 35
0 23
5127 76
0 104
18 128
0 193
12256523 177
15358474 160
9634828 236
3414035 253
1794 237
13089541 204
18 351
15079945 274
15669013 264
13055509 337
0 490
15842563 358
5590283 381
7772932 372
8433930 519
702731 587
10997269 491
13216519 595
64271 536
5912579 414
19 616
8754453 660
12994569 745
3325461 597
5122570 773
5127 547
2646793 754
2869514 582
14294784 759
19 852
4610 849
5340678 858
8733205 936
16755722 773
19 996
19 920
18 1074
3673347 916
3079 1023
7550476 1114
19 930
24583 1219
19 983
64271 993
19 1144
19 1202
12712963 1132
14749953 1368
7320597 1041
10531091 1279
14238220 1417
19 1160
2732548 1318
2562 1465
7975435 1457
10653459 1238
7139079 1484
19 1652
7400460 1473
18 1400
18 1349
8971014 1427
9493772 1478
19 1433
13465353 1293
63759 1630
11524876 1512
10245888 1718
4433164 1647
2774794 1355
14906635 1561
15814403 1804
19 1951
0 487
5128 40
0 5
0 186
33395 120
13977 275
3276 311
20645 352
18229 333
9013 375
14917 177
24175 391
4 151
10172 333
13667 141
5831 490
45223 515
14 214
14 121
5177 400
3284230 32781
1789458 32807
2123023 32259
18 33198
13963522 31825
0 3754
0 3473
64782 2969
0 3401
0 3484
770 3715
0 3315
0 4206
0 3124
1794 3145
0 3678
0 4517
0 4197
770 3655
0 3931
0 4086
0 4043
64782 2927
0 3391
0 3748
65039 3605
1794 3247
0 4506
0 3667
0 3977
0 4193
0 3494
65039 3819
0 3196
1794 3673
0 3344
0 3237
0 4492
0 3476
0 3836
0 3845
65039 3646
0 3156
0 3161
8990720 3740
0 3952
65039 4205
65039 3826
0 3813
0 3536
0 3827
64782 3100
0 3434
0 4225
65039 3141
0 4111
0 3566
8990720 3250
8990720 3850
0 3289
64782 3903
0 4124
770 3550
770 3438
64782 3641
0 3842
0 3814
0 4054
0 3460
0 3126
0 4138
0 3644
0 3157
0 3685
0 3766
0 3280
0 3222
0 4327
8990720 3125
1794 2864
0 3388
64782 3637
0 3420
0 4136
0 3983
0 3902
0 4040
64782 3885
0 3898
0 3435
0 3229
0 3663
770 4619
0 3550
64782 2665
0 3969
0 3325
1794 3685
0 3515
0 3291