Ne
1
1 0
Ano.
Ne
2
4 1
0 6
Ne
1
2 0
Ne
2
6 4
3 0
Ne
10
32 9
22 8
27 36
21 0
31 18
1 15
33 28
19 7
2 30
23 13
Ne
9
3 2
12 18
23 1
14 9
25 20
5 24
13 26
19 11
8 4
Ne
4
7 12
17 6
0 10
13 15
Ne
6
10 19
5 4
22 15
6 16
7 12
20 11
Ne
3
7 4
3 10
11 5
Ne
22
11 80
59 29
79 68
51 12
50 27
38 61
70 74
3 35
1 65
36 53
44 84
10 24
81 21
40 69
63 13
39 45
82 7
31 46
64 73
5 57
18 60
23 72
Ne
22
34 19
14 1
50 61
30 23
69 24
56 7
53 82
28 81
42 54
9 33
52 72
46 8
21 20
40 15
85 76
31 18
77 36
47 29
11 12
68 35
27 80
64 57
Ne
20
16 26
33 23
62 38
50 17
11 40
43 49
10 63
24 14
51 41
39 54
8 5
55 52
36 2
30 0
34 42
25 28
35 21
22 48
20 45
60 19
Ne
9
46 33
30 41
13 54
20 34
56 4
29 49
42 43
3 47
38 26
Ne
17
57 39
43 15
46 63
19 6
51 36
17 16
37 44
0 33
9 70
28 66
53 71
21 67
55 65
48 18
23 32
40 75
76 10
Ne
38
17 84
38 2
137 50
82 139
1 91
24 15
108 81
128 23
21 96
85 48
146 37
8 11
36 90
18 107
72 35
94 13
134 40
54 95
124 22
10 25
65 148
60 119
32 16
141 53
123 145
42 52
56 66
109 92
125 103
59 49
93 129
117 75
3 121
67 55
58 41
114 99
27 100
105 4
Ne
38
94 65
130 24
2 123
95 49
30 129
8 78
47 82
112 128
80 90
92 46
41 140
40 52
107 51
118 20
75 101
0 131
120 89
69 56
87 36
70 5
38 3
104 138
34 139
102 127
97 15
135 91
100 117
57 99
33 22
1 19
134 110
141 12
133 68
113 115
74 42
81 79
44 53
98 64
Ne
46
193 191
15 1
40 110
188 147
18 138
148 8
119 164
192 167
127 50
135 160
132 61
57 84
112 34
10 32
83 24
178 185
97 51
165 26
11 153
4 49
154 60
45 168
28 41
46 180
44 96
71 114
183 98
79 53
157 101
118 88
151 62
105 113
80 75
95 9
91 161
162 35
129 158
166 20
17 31
78 133
194 19
16 177
25 122
134 131
76 173
13 65
Ne
33
97 25
12 38
88 69
90 103
31 119
27 65
78 59
13 124
113 92
41 6
102 106
68 11
45 26
36 95
77 62
46 118
89 54
117 64
109 107
96 93
24 2
60 110
73 72
91 43
47 28
53 39
9 115
5 52
48 35
22 67
50 61
33 30
99 71
Ne
34
83 146
151 13
150 37
69 41
143 100
58 106
10 12
118 104
136 1
5 42
130 28
79 155
7 74
144 98
152 18
96 110
0 139
128 126
19 36
103 135
132 57
92 33
2 16
82 122
29 87
81 138
153 141
46 62
56 85
51 154
108 66
78 89
125 15
68 31
Ne
88
79 12
20 348
141 85
186 293
312 308
44 198
261 135
265 250
40 302
8 95
114 254
172 303
361 113
324 329
31 3
344 240
354 123
108 336
116 49
271 347
243 211
67 191
159 41
58 366
318 285
220 168
71 10
311 257
62 94
190 306
194 353
177 356
23 205
245 156
330 337
283 262
328 325
351 29
286 92
178 232
24 317
52 118
22 105
115 43
236 48
332 216
248 315
197 365
19 239
56 25
201 82
77 50
132 69
321 1
299 275
316 207
35 4
357 288
145 280
331 241
148 140
136 14
355 7
259 99
6 75
196 162
128 112
98 189
176 103
342 5
151 83
367 138
165 93
272 333
242 314
28 278
39 193
339 183
17 101
238 139
212 143
54 307
202 290
185 335
289 199
346 226
217 180
100 215
Ne
124
139 303
362 9
355 255
273 449
286 447
36 465
70 433
164 79
427 259
72 380
28 162
20 410
399 144
45 370
93 316
469 204
366 4
390 231
349 80
104 82
307 31
225 55
62 241
434 400
337 199
419 0
213 340
472 335
73 159
13 266
401 176
339 153
428 393
308 331
210 291
103 422
100 53
15 377
285 71
344 218
42 171
388 389
221 314
242 169
251 488
444 111
353 317
212 7
172 371
167 356
127 10
165 67
348 186
309 304
476 201
69 26
420 453
379 295
91 385
386 30
98 119
250 23
480 478
214 76
325 196
8 68
374 272
150 464
467 43
230 16
437 352
96 457
207 421
113 56
360 63
431 315
137 2
224 198
383 351
205 392
264 246
260 446
334 44
481 373
105 192
270 88
141 46
134 229
51 442
217 123
361 404
177 394
136 332
409 279
160 179
200 452
182 128
456 387
50 261
319 490
142 258
435 92
262 47
208 58
222 343
181 227
202 223
190 37
195 432
234 94
239 310
322 168
247 146
90 254
384 439
440 483
77 268
359 61
345 219
48 24
292 245
378 170
417 403
278 163
Ne
70
128 173
172 192
218 69
43 268
155 51
20 254
182 16
45 126
31 99
150 259
26 167
60 260
175 265
158 235
239 147
165 49
2 160
261 162
194 27
50 169
103 8
177 25
132 210
88 22
46 148
233 30
142 262
64 7
183 119
248 189
224 54
166 146
131 205
153 78
84 237
272 181
229 178
68 28
144 75
95 58
134 117
214 256
255 47
93 231
241 4
135 226
11 203
202 36
19 38
63 106
223 176
98 15
199 149
89 10
207 96
57 127
212 56
247 215
85 74
133 230
267 76
104 102
3 97
159 118
269 139
70 258
73 138
83 17
201 145
35 274
Ne
74
43 174
223 234
238 79
35 224
192 82
58 211
28 279
229 216
173 236
53 126
189 38
51 92
154 7
67 0
157 137
272 15
202 39
6 267
111 50
77 136
34 25
283 2
259 265
200 18
220 64
56 245
237 269
183 106
76 108
278 54
143 57
287 3
70 59
253 47
32 78
277 9
181 17
113 256
171 261
159 140
131 254
31 219
206 172
228 83
88 242
231 118
284 139
69 55
248 115
14 204
1 205
148 196
145 286
251 165
24 244
138 84
190 117
102 141
210 162
193 155
241 120
125 46
186 163
99 201
87 275
123 103
110 249
185 151
218 112
197 132
176 45
8 135
280 116
212 52
Ne
108
352 21
167 124
297 73
140 279
291 29
135 191
407 443
392 100
7 136
338 257
264 326
335 92
307 192
274 234
225 437
158 147
304 235
14 292
24 369
13 91
389 260
156 104
196 390
252 208
394 187
96 372
384 295
266 353
420 38
421 148
49 27
85 364
22 220
206 283
81 303
43 217
318 174
33 189
293 166
155 329
89 439
125 63
58 153
416 331
84 86
144 199
163 377
64 224
110 212
216 137
228 334
269 222
172 179
400 34
60 348
215 106
70 401
438 410
12 310
59 423
280 436
385 265
288 403
46 83
289 204
387 251
130 368
433 417
37 229
202 62
107 431
379 186
440 409
53 31
378 10
254 428
30 243
109 168
249 41
336 16
418 69
305 90
429 48
397 209
237 42
150 262
19 419
1 300
370 80
244 301
32 339
399 68
365 319
44 270
141 355
325 391
20 238
285 55
282 78
376 182
346 134
54 159
51 363
275 71
446 45
52 157
360 320
180 342
Ne
193
212 535
362 409
275 528
295 662
188 530
698 615
763 171
631 154
126 460
338 86
448 447
90 681
399 617
236 41
454 379
274 457
400 421
199 756
24 607
0 560
115 266
208 690
593 723
729 147
600 202
643 229
241 737
630 300
431 54
500 622
271 754
642 398
567 742
258 687
781 611
268 111
511 731
695 616
586 27
501 289
683 778
33 789
671 395
503 310
702 783
148 215
20 779
740 699
42 372
788 133
482 653
263 762
72 733
652 436
304 324
298 648
265 668
449 220
131 625
539 674
641 684
358 443
604 439
639 314
155 461
750 64
255 280
589 492
137 706
254 326
123 476
406 694
402 581
462 559
390 437
206 680
223 291
636 769
205 67
777 250
565 637
450 513
77 669
598 32
573 146
407 378
394 571
761 359
517 320
189 294
37 284
174 292
108 713
787 366
428 401
100 661
377 382
360 61
26 485
288 350
194 228
145 644
658 776
249 741
65 43
85 679
364 242
632 534
38 211
183 427
650 48
2 688
707 633
201 270
17 678
464 397
634 709
261 381
163 544
36 116
239 522
391 7
91 473
471 549
696 435
526 319
553 766
169 389
744 486
259 692
161 579
272 167
39 411
603 354
440 70
784 595
520 657
89 542
78 628
260 419
245 238
576 552
609 18
181 318
248 45
84 94
647 608
353 330
30 512
262 438
231 531
655 771
159 8
153 357
562 251
786 243
405 74
307 12
302 237
495 714
222 527
538 467
677 433
323 376
1 118
758 497
305 83
110 253
185 313
235 490
693 166
192 332
109 334
50 424
156 463
317 697
487 556
244 55
210 130
387 682
710 339
345 445
640 283
670 537
430 365
673 456
432 667
343 309
139 157
40 726
732 415
551 638
88 768
Ne
212
38 592
527 658
278 52
18 423
306 549
17 223
110 192
344 420
400 404
332 184
683 43
71 101
434 594
181 574
349 440
90 188
249 103
12 518
338 196
455 29
558 480
424 95
324 63
366 393
571 171
675 126
282 662
10 634
505 6
269 60
254 448
21 612
321 45
461 371
266 310
661 478
315 520
589 35
290 552
483 13
659 328
587 374
645 390
96 514
189 152
579 637
241 462
540 219
99 635
134 408
496 528
359 556
469 195
30 674
684 666
529 304
3 160
251 491
303 512
365 548
308 364
500 155
72 473
136 376
664 329
486 555
212 337
508 26
232 350
319 211
313 665
443 430
145 79
377 141
312 86
36 142
625 606
302 543
260 459
382 118
502 151
37 41
22 405
64 470
73 532
503 202
281 198
149 406
236 564
163 143
167 401
655 510
389 237
356 238
166 197
623 289
264 633
176 358
25 547
300 347
228 656
435 584
378 248
270 676
617 653
116 314
133 561
23 341
280 560
221 294
569 204
131 91
499 627
233 0
678 186
476 225
348 40
295 317
162 158
652 239
563 525
144 170
205 451
59 51
322 453
140 582
545 120
531 573
441 298
175 49
398 426
466 209
285 287
679 179
536 106
345 493
137 351
550 190
489 436
273 411
244 27
283 336
100 463
409 538
524 112
519 641
229 425
146 482
216 458
530 39
567 343
164 320
546 360
327 271
479 108
474 4
417 84
403 353
346 307
46 663
53 66
125 668
588 15
292 412
69 575
386 105
523 648
583 673
224 460
161 183
61 57
94 533
235 80
624 373
256 379
640 301
9 31
383 342
685 83
615 355
437 150
372 472
309 55
551 581
553 220
117 631
557 578
419 516
240 227
568 672
47 92
585 28
11 559
608 104
407 414
607 267
48 613
618 54
109 8
444 495
603 465
591 570
138 87
193 333
370 418
681 671
169 111
62 565
255 669
506 526
177 284
268 185
Ne
135
445 539
334 392
479 304
57 214
417 549
431 513
316 68
374 173
74 546
98 111
268 412
1 481
543 485
323 223
281 11
65 44
330 413
21 42
19 494
557 199
396 525
153 251
218 567
90 118
443 194
73 216
258 166
157 477
463 550
155 551
476 532
406 185
512 405
339 62
49 145
91 472
424 138
275 292
317 147
400 20
283 207
468 414
113 137
349 161
177 164
156 361
460 466
327 15
282 217
221 146
500 26
209 437
441 311
67 519
6 187
329 224
351 12
440 552
279 141
511 298
487 404
362 527
110 368
259 77
355 280
314 553
213 117
245 313
299 127
180 350
488 530
337 184
82 204
378 103
181 531
294 32
449 228
517 534
540 502
130 254
542 418
34 33
538 342
66 25
87 507
149 92
458 433
535 244
565 432
45 560
191 85
75 79
486 425
410 423
129 333
273 561
286 102
99 285
474 123
248 27
318 495
14 267
71 336
260 558
24 22
308 555
436 427
372 438
152 332
238 499
464 249
521 401
70 366
562 116
142 144
148 375
430 9
497 303
84 163
470 394
95 379
107 390
508 276
193 124
50 174
388 60
315 270
293 548
151 356
522 255
225 455
135 319
393 35
518 365
398 347
Ne
195
521 212
383 638
453 515
673 264
176 640
326 733
414 348
711 403
554 476
571 260
747 198
499 485
514 121
318 748
744 715
792 115
797 52
396 66
676 650
3 355
610 491
338 522
17 114
191 691
671 364
241 746
92 349
361 222
300 82
2 242
193 120
758 180
135 581
443 118
648 109
84 697
158 675
606 407
287 95
70 570
288 619
593 749
788 774
455 379
387 343
255 285
252 487
787 36
490 164
519 495
389 776
244 779
15 481
720 501
769 716
745 664
778 278
431 344
332 199
425 254
785 661
602 742
479 342
461 298
549 29
674 790
19 421
125 34
203 614
49 245
219 401
371 224
642 14
229 507
65 248
137 209
437 469
558 170
116 624
444 54
582 569
704 559
672 621
184 277
658 30
293 719
526 741
781 538
142 303
40 474
26 207
627 27
291 611
195 16
409 770
236 427
659 7
57 227
795 182
551 282
508 448
629 685
527 670
90 775
679 122
150 107
429 256
743 397
440 81
108 215
382 447
319 358
204 145
324 620
173 374
700 534
335 505
477 426
341 187
472 112
772 537
793 654
232 296
791 493
202 498
309 424
155 565
575 677
643 506
422 649
262 359
301 663
588 739
354 213
308 449
684 304
331 525
377 138
647 400
727 166
76 18
61 416
488 687
751 420
347 249
586 350
625 295
175 622
708 736
394 221
623 124
243 613
698 754
768 458
365 759
418 395
438 148
356 412
101 706
289 73
539 544
545 405
154 123
363 230
33 701
636 560
626 631
217 167
313 639
238 104
760 240
500 337
660 336
732 653
71 235
1 731
290 205
31 28
786 315
516 408
393 550
168 699
607 126
482 141
310 78
99 652
321 433
134 77
169 228
190 726
380 512
651 665
323 59
553 171
579 595
Ne
151
604 211
349 229
483 54
44 487
149 32
339 340
198 458
168 308
235 203
28 384
528 57
605 79
388 264
316 72
329 92
256 186
367 534
245 143
579 313
394 306
523 147
595 352
383 569
583 467
491 259
480 551
152 107
279 531
116 161
429 162
156 22
484 536
406 213
1 15
420 238
563 481
373 580
50 398
396 65
495 84
549 220
153 18
432 263
599 343
200 600
282 63
485 133
100 438
251 83
277 298
301 136
159 319
517 466
597 183
473 250
231 62
527 330
582 206
482 357
540 42
126 68
103 296
23 602
8 130
559 292
58 402
158 345
225 598
389 60
55 433
507 360
596 377
443 70
139 541
271 71
508 570
240 556
387 353
38 593
407 239
75 125
5 275
0 391
399 196
167 299
590 76
122 291
224 243
403 341
24 447
56 430
170 459
427 27
272 475
350 315
51 177
426 488
145 567
359 323
537 86
568 603
504 295
421 237
164 132
386 191
78 280
112 241
260 17
505 514
209 134
257 40
77 542
584 575
155 182
331 90
356 543
409 59
413 190
297 187
127 151
539 511
465 45
501 486
254 320
533 446
463 144
424 452
41 74
544 128
361 435
30 490
150 530
515 194
325 571
392 346
114 205
555 300
592 456
526 21
576 43
522 586
4 172
232 219
175 273
573 462
53 230
304 285
10 283
518 362
342 118
557 310
Ne
461
1516 1359
282 222
1488 1040
1509 612
698 1072
535 758
1646 882
1285 868
1618 1094
1058 262
3 654
1475 957
1758 679
1806 1594
1750 665
1492 715
898 1373
1336 215
1541 1774
748 625
1043 1020
1631 470
486 846
1446 1307
1361 156
645 607
1882 1845
1513 1073
1200 1562
1500 1821
913 1195
272 926
1530 413
388 1309
1172 754
491 35
1074 202
49 1239
1236 1210
845 418
837 1126
768 651
317 193
254 673
468 847
1237 552
757 1033
537 1490
1709 180
1317 1792
331 1852
229 1272
1842 550
842 1224
648 1261
441 1625
1854 489
1549 1333
878 1302
1211 1535
1132 1816
1108 1477
743 694
575 397
881 1143
477 1170
1724 1701
1435 1874
728 321
1123 819
1548 579
1757 893
542 382
794 615
791 1392
1788 1427
185 1880
1637 415
880 811
918 598
1271 1742
291 324
36 86
34 1781
1342 1471
109 1621
1379 73
507 661
94 1031
1410 1690
1168 335
1016 603
1047 844
949 999
1689 1692
1102 1030
118 163
713 150
568 1248
786 1566
942 1504
1233 290
500 1221
1866 723
1204 119
1576 1503
1007 1676
1162 1002
474 1841
1518 618
1487 741
198 1855
429 1017
1455 231
1027 1286
927 1431
483 1247
1011 892
565 111
373 191
636 488
620 835
585 1807
1897 1262
420 691
702 389
444 1695
81 1096
572 1191
675 404
1775 1042
1353 1377
1310 1741
344 69
1881 637
467 767
401 1360
706 1231
828 346
1452 697
641 1740
1339 816
671 165
1205 1683
1000 814
593 1589
601 67
1069 1378
70 1028
88 978
1684 1407
366 501
1531 1483
1142 1235
746 1680
158 424
1314 1375
1155 1777
831 499
766 1197
143 899
1274 1762
250 1344
220 672
96 72
1472 1568
175 1369
1186 1466
1111 1555
188 865
1879 557
737 1324
410 411
1747 103
928 1832
594 533
1558 855
1671 1679
1318 838
1447 1612
464 752
352 1605
1240 182
115 744
1580 668
354 1450
689 839
122 200
370 553
1367 774
817 1508
914 810
1067 242
1362 281
256 820
123 1525
621 1590
167 895
663 448
217 1103
1664 458
362 922
534 1064
101 1468
592 1645
1545 650
708 280
1234 453
1552 1659
582 923
931 1722
1609 924
1626 634
1281 975
785 958
1720 1059
701 472
214 1858
440 279
1627 915
1039 172
298 107
849 753
980 652
1368 1608
795 2
711 427
1673 1308
29 455
1780 342
166 1256
653 994
1085 1332
956 945
511 1135
549 938
68 433
1051 569
1635 907
1315 1298
974 1448
1131 1258
1091 1370
1537 1772
1174 99
26 212
1553 1218
1494 879
1668 1770
269 108
1810 852
232 1416
1438 719
240 1484
42 391
1050 1629
1827 1557
1543 1502
556 459
783 1717
1293 681
619 1458
1159 1678
349 1634
989 959
522 205
1250 627
230 1600
867 305
947 1616
308 481
327 578
1037 320
1152 77
164 998
646 736
252 403
1327 997
1190 1351
1658 1320
526 294
1761 1602
357 1598
1408 538
57 866
135 536
1264 11
833 704
409 1456
750 1187
638 1022
602 1601
1312 1872
1305 623
517 22
1009 387
1585 1167
1423 559
632 194
1035 1876
446 596
1401 1253
1297 62
889 1667
1004 140
1217 925
961 809
14 149
1723 939
54 599
144 1542
1129 271
1348 1364
1565 1822
1540 379
1871 1290
1754 50
406 1651
721 560
778 563
1173 996
1127 902
378 315
1252 425
1838 732
1242 1112
830 1564
358 1700
1054 515
765 233
1730 1491
1596 680
1786 1164
583 1478
1144 1746
656 514
178 1068
226 1228
211 953
885 1536
610 532
1884 635
419 1834
128 1349
1857 751
1442 1579
1355 770
283 1437
157 1615
87 1270
1260 129
1675 228
710 430
355 1533
1403 151
267 667
341 1698
1650 731
1046 302
779 1896
530 1097
494 1823
995 1443
764 962
1851 1183
1107 611
1118 1522
1178 278
1052 475
25 733
614 213
521 693
749 1345
423 1839
869 1080
170 854
1685 1445
1657 332
1269 1760
208 399
841 1101
1389 471
1199 237
1133 136
659 916
827 428
524 1304
1862 1789
426 1514
554 1481
104 1113
386 33
642 1599
1889 46
24 1755
347 1065
969 1567
919 312
1572 613
1619 1254
545 1745
1424 784
1801 1604
1139 1357
1125 4
1093 1480
340 574
801 465
21 729
1486 1406
9 301
1891 171
1347 1226
487 53
1048 1894
1412 981
460 1295
437 1208
1648 1859
670 941
147 1066
520 1184
27 333
1799 1354
628 690
1223 1860
1729 1278
270 1515
1731 887
566 943
296 709
52 776
1867 300
802 1134
1288 739
59 323
1169 1338
815 1817
186 805
937 1371
432 1323
1356 727
581 1687
1875 1705
480 287
285 971
216 183
1890 1603
1201 1837
1282 1798
1098 431
1463 12
1592 1019
884 1453
518 724
114 624
1301 195
1748 600
738 688
56 987
97 1790
Ne
586
1183 422
379 271
1515 424
1512 2151
1421 2190
425 121
1130 64
877 304
1430 1624
2029 1964
644 1256
1765 1592
380 660
1726 512
2152 390
398 662
2133 2262
1153 1619
509 1531
200 1047
286 1527
1127 2071
56 1710
53 2054
2272 1697
1777 926
1688 86
414 419
2102 72
2162 1568
301 1986
1997 2153
1237 586
75 288
2115 1572
960 2148
827 1720
468 1537
1188 221
690 1757
106 127
1300 1534
994 2100
1268 1788
2233 1767
1057 2257
1313 1129
746 130
884 588
1375 1391
1748 1783
1209 988
892 1078
2092 848
96 1877
1180 1600
1160 697
1785 61
1168 1380
837 777
1733 481
1408 2
299 1894
210 42
179 813
1769 1907
243 886
1881 1338
1618 158
1459 2274
1407 195
137 1116
1945 2273
695 420
2103 1542
1577 549
1735 1815
1064 977
2204 30
1972 151
360 2167
496 655
1135 1366
2255 518
89 1806
1759 881
900 1774
1132 1148
1398 982
1126 59
1207 525
857 1029
2264 678
981 1247
263 1441
756 1085
1390 2251
1280 247
2045 1172
759 728
990 164
658 2200
891 1330
1656 1335
1246 444
1532 1144
1105 983
1362 466
847 37
1052 1950
1870 375
768 781
500 124
989 1284
1251 2097
1003 2017
2093 416
255 1346
632 2171
904 35
477 18
626 1018
1043 236
1195 60
2248 657
493 1199
2187 333
1473 1038
594 671
1308 71
895 1163
197 592
523 1073
855 1322
1058 896
369 1668
922 779
1830 2142
1121 464
470 1991
453 1417
1087 617
2201 2138
2020 2229
561 2176
70 148
1856 1673
749 389
1128 1270
2036 2087
68 1015
212 2006
583 1797
1203 2013
383 1867
1538 1124
782 0
2150 826
410 1977
1048 722
1117 387
290 1331
78 562
51 454
1843 571
812 2028
1167 1021
443 1762
119 418
495 1925
2113 659
1553 854
2245 32
1350 1282
1838 213
2216 750
1236 2057
1041 1442
480 1514
911 1140
1987 350
378 463
720 1452
27 1138
1610 1285
1622 1095
1451 883
1704 1802
709 159
2051 843
1238 1605
646 1679
2169 1839
1416 225
413 1303
279 2156
325 449
2056 930
669 1110
153 1575
1858 828
326 2189
1694 1312
1206 1376
1233 1101
1669 29
491 1519
706 564
97 26
1201 2202
1846 1061
1683 734
764 1859
2000 801
866 1470
1502 1014
2101 1890
1837 318
254 1139
1971 819
2016 302
1050 1510
517 1342
999 1722
910 2025
2291 1266
2081 670
589 1820
1749 613
118 1799
2134 395
1210 687
637 362
625 1315
2043 1826
1032 573
231 482
1947 949
1304 1800
536 1434
278 17
736 1934
554 408
1966 1570
2078 856
1444 309
945 621
1456 115
912 472
1358 710
2023 1813
2220 344
364 567
2184 1063
34 792
303 2266
1002 409
246 1445
1090 31
1631 402
1261 2158
65 2079
713 1480
1929 1079
1469 1657
604 189
665 1010
952 774
925 851
606 1111
1231 2193
2033 1551
1165 448
913 729
1960 1840
1768 2063
2031 1664
789 1044
753 203
2265 1364
1763 800
2066 242
1305 149
2082 825
2002 568
1914 2221
1136 1750
1293 223
1318 1666
2147 2191
341 2185
738 50
954 2271
6 199
1609 248
2143 2049
876 166
1974 404
864 1476
104 181
686 1369
947 131
1449 1521
2090 867
141 1604
1992 1758
1587 531
1513 991
1013 830
1675 752
576 2186
1827 1716
829 963
283 1701
979 2282
349 1778
936 43
1978 451
1678 1056
2237 77
1794 315
870 1367
1892 1728
1000 1150
1955 1133
241 2268
1628 538
367 612
415 1217
1 976
558 2072
1891 298
1541 142
1406 929
2263 170
473 1780
1643 1389
618 427
2175 548
1187 1290
336 461
2280 1591
1809 566
1193 1436
262 1307
388 1053
909 2166
2099 2110
901 1662
300 238
1223 635
2069 1415
1663 1212
1433 1562
1316 2026
503 1361
2059 803
1667 1507
1109 1620
1693 2256
871 1574
2160 937
1392 941
1564 1752
218 1998
81 1685
767 4
2181 1100
1642 1533
641 965
1569 633
1447 385
340 647
1753 1700
631 1872
513 400
1886 1855
630 1580
135 1254
469 327
1603 289
2159 188
2098 653
1033 1352
2232 997
13 1037
956 1277
1516 643
2107 650
551 308
1439 1325
597 1214
497 1260
935 969
1353 219
28 120
2035 622
235 623
356 1365
903 802
184 1916
1378 1348
1311 485
893 11
1561 1957
74 478
1291 1771
1708 8
1741 226
628 320
2281 786
2046 1030
1486 1721
1022 556
2111 823
1770 211
1634 515
1054 1244
1760 2088
668 273
2094 437
194 1578
1324 1072
1098 1939
2050 1404
207 2119
1558 1985
1866 1736
987 2014
1961 1071
862 1707
1326 943
2075 1900
1599 1082
1963 1746
858 790
724 394
2286 1831
79 2005
1008 684
607 44
174 528
345 675
1230 1025
1703 1137
2222 2249
1319 2030
1498 122
620 1156
1761 2209
1803 1851
1754 1842
1983 1674
582 163
2106 1933
442 202
1942 156
772 1273
1309 652
908 737
277 1864
2164 2173
1796 1219
1106 1641
1113 1912
1076 998
2275 1385
754 1943
1186 2064
281 1654
957 20
788 490
743 1857
361 1427
840 1793
250 270
1860 1854
654 1504
2155 1185
433 41
1833 820
1012 1373
1517 1084
489 1271
1773 673
39 1805
680 794
859 1328
392 946
1341 798
1001 1658
1612 1241
835 2083
1485 1333
465 46
1457 1181
87 544
1363 973
421 1744
1535 1751
1134 511
67 2267
1990 1501
1443 711
371 331
1714 1215
1059 1414
508 1182
265 1791
520 1204
1196 10
1937 1468
1356 882
12 2149
1597 1686
1810 206
2129 1396
256 1692
54 1661
1332 1844
1550 799
2213 1112
1039 1426
1829 370
1897 1822
90 1672
1384 2238
780 966
545 116
1808 934
1734 2018
521 2141
1832 1432
85 1379
316 565
2116 1670
167 1035
645 296
94 1951
1496 1883
634 1374
287 1566
1490 1834
1665 1213
2065 2135
1228 547
975 162
766 2048
40 143
541 927
1699 257
1205 99
2140 1660
339 2197
126 506
899 2203
1017 804
933 773
2127 1540
2283 810
674 1698
214 1930
1823 1004
1267 1368
1989 595
1596 1435
1652 1766
417 2289
1120 2130
692 1279
1836 2089
1412 1962
1821 2091
2009 134
816 1287
2214 1118
553 2112
33 217
1382 228
177 1454
1956 52
747 1023
1478 2086
1102 2121
1637 180
2224 2062
Ne
337
51 478
214 1081
1040 388
1222 663
395 1004
720 714
988 584
533 908
589 90
312 835
99 1215
899 1143
594 20
454 268
601 261
418 133
538 993
833 328
936 525
575 809
834 783
670 256
775 483
546 1014
471 551
564 101
1113 567
727 649
614 417
156 756
56 1093
326 668
243 530
367 138
386 44
10 350
252 937
1180 673
1126 477
725 941
585 264
348 1141
1050 185
105 517
112 1259
757 250
247 29
1196 441
338 1091
1105 228
3 1037
318 449
435 293
1031 168
153 253
305 98
1061 793
299 888
1082 415
274 330
1128 399
313 1301
922 306
482 1183
694 515
880 69
1080 317
1309 47
1281 226
1079 1118
891 982
729 987
1068 697
726 1299
1039 918
19 1055
693 677
113 916
234 640
1001 12
1028 874
1136 335
1262 67
591 662
289 964
1184 1100
907 1300
921 1166
767 1287
873 744
470 200
203 947
1139 300
116 630
230 951
1146 587
201 79
865 372
333 790
785 917
148 1209
864 516
377 976
904 581
526 631
1254 188
53 1295
504 1266
559 545
1243 82
38 930
548 657
503 563
1187 423
800 62
680 840
429 32
161 223
498 707
1006 205
357 1125
1021 265
1012 379
1145 406
527 715
1065 1036
942 1115
555 287
890 1088
1108 532
424 510
411 436
828 784
1226 712
120 1107
155 1053
990 819
980 124
684 839
931 363
302 1298
1111 1062
766 979
1117 817
96 672
179 1058
863 799
854 1296
180 705
750 1164
95 1169
68 1227
283 131
583 802
730 97
1045 1272
468 74
359 385
554 93
1286 80
956 815
821 1284
1157 177
1168 427
1097 717
658 597
995 137
1017 945
1217 928
999 31
81 491
104 1234
905 1181
298 1043
1279 232
1294 173
445 856
1177 846
431 1019
365 1251
740 537
63 879
371 759
573 356
577 635
950 632
1074 732
603 763
875 924
508 700
940 420
691 324
656 685
361 772
889 1042
1013 1248
1010 870
1034 1224
452 1060
902 513
831 1310
346 667
30 28
1089 1035
975 332
676 690
1244 103
610 711
500 245
1102 1151
780 801
1220 154
566 447
164 275
450 962
582 1144
301 342
1237 1124
588 219
391 336
198 453
702 570
327 952
623 1271
781 925
195 946
769 1173
796 1154
55 914
541 1202
497 837
472 1009
1109 92
18 270
481 102
641 628
1223 398
227 1265
484 996
186 689
909 52
1297 501
13 397
838 810
814 204
125 1032
358 35
1288 236
465 1208
375 1155
1239 315
1 241
1007 1270
592 911
620 389
479 1011
779 679
822 1305
602 121
648 681
556 414
644 129
618 827
647 1253
578 836
1233 571
845 824
683 758
981 1153
462 1212
606 514
989 528
506 1240
64 752
215 1218
1135 401
604 1076
645 1056
437 1123
773 913
340 1147
412 189
136 794
383 1057
119 1260
746 473
887 1029
1130 539
624 5
1292 1016
1214 848
269 296
1261 664
316 1156
1086 860
1085 761
741 897
322 257
886 59
413 1245
142 898
698 540
926 1084
920 596
1273 76
646 885
934 535
665 968
719 280
494 943
284 511
422 811
642 617
194 285
633 1158
41 1231
692 522
919 825
808 1152
1161 166
1315 259
390 882
590 1194
710 199
957 291
728 351
439 72
852 409
22 277
721 666
724 552
841 1178
961 403
1066 209
57 1186
723 753
1072 518
Ne
409
370 199
894 131
1084 1458
672 1417
1341 1358
34 1506
1283 486
1486 271
188 948
902 297
28 810
1470 1382
26 1154
1278 1251
365 1281
887 231
267 155
718 1010
649 298
608 254
1121 53
1032 183
808 32
333 426
1432 1016
927 47
1366 205
358 17
695 904
140 893
320 1504
752 546
563 1262
374 1019
1456 306
135 1109
327 133
669 1372
839 301
300 406
430 1393
957 1200
999 189
328 364
465 222
4 1324
1256 685
154 1369
1249 395
1480 1064
389 369
102 1270
1037 1135
761 1286
1115 579
577 1181
29 951
1177 278
1213 1220
694 701
1215 708
943 1248
677 152
793 637
1272 1406
126 322
239 745
1193 913
1306 502
318 1005
889 35
1342 1082
706 472
330 1174
1168 117
259 1498
1141 544
73 251
767 665
161 1378
1131 1273
604 75
1185 1224
1313 998
869 1057
967 529
1208 924
1350 1148
377 1101
507 912
167 225
976 946
481 1453
620 407
242 1340
1368 1384
1184 326
262 1158
151 1348
667 1509
916 269
723 1513
42 476
295 160
1330 1449
408 884
235 1190
194 247
827 790
280 988
1491 848
1044 293
1021 460
498 825
755 837
687 977
885 553
1238 1116
208 758
354 118
419 200
778 1464
456 679
1123 954
141 1518
6 594
623 659
1186 1086
1124 1285
853 580
1079 822
1099 1255
130 416
1527 1077
391 1388
1 559
1468 670
1207 90
624 1401
220 483
261 892
1065 1017
405 164
707 1519
1279 1386
1247 862
886 704
402 1130
105 453
229 847
1161 457
13 19
441 905
172 273
549 65
522 211
982 1428
931 1365
357 1469
124 787
557 436
642 821
867 682
871 319
1234 108
18 458
1157 132
379 1107
482 1100
729 756
1214 1363
314 900
1245 991
1078 45
1296 283
656 144
938 550
1407 1274
647 1316
865 1337
1169 443
733 1022
730 802
92 888
1018 277
190 987
721 1516
567 279
895 142
1061 727
1387 1094
907 1014
914 248
772 506
621 807
870 296
568 966
1171 305
850 992
450 1198
1347 678
1383 1414
1441 1525
1473 394
178 238
175 72
944 1311
926 7
1178 700
253 1246
16 1490
1288 760
1392 1119
804 101
351 1475
690 1466
662 1039
82 415
1236 660
1436 185
630 1396
1459 381
149 1455
1303 1304
552 1232
495 1327
232 1472
600 1033
48 1196
386 1195
366 959
236 310
1137 1025
922 1170
448 1038
728 237
1108 949
784 1450
746 1394
1187 929
569 1535
1140 521
81 1126
826 910
844 224
62 227
89 960
556 233
139 1364
1426 27
738 980
323 1460
468 1105
1463 15
840 107
312 396
1318 1004
713 2
1461 1439
788 24
817 640
1212 372
36 79
972 1241
735 1411
803 958
147 576
1162 66
809 1523
303 1210
852 477
119 1223
518 619
1204 515
768 255
1308 363
1219 475
80 111
934 872
308 1128
349 697
1049 1336
832 299
1024 632
0 1150
1471 1042
655 896
513 1344
31 508
1096 1310
663 1176
1127 12
1206 1290
955 590
385 212
281 1147
1266 1015
292 74
558 1201
127 1104
159 509
906 313
939 186
937 494
618 627
228 14
345 1036
1226 599
911 712
106 854
1487 696
1120 1098
1493 1216
1230 791
532 684
195 961
551 264
58 197
571 1180
1233 1482
471 1423
596 612
1444 215
974 773
536 573
724 842
1134 875
1323 1073
340 775
815 401
575 592
250 1367
737 1047
1211 234
1425 928
956 474
1451 714
466 439
209 291
545 747
845 21
717 1243
741 38
1076 1067
1389 1297
751 1424
316 868
219 400
1532 792
338 1257
473 711
454 1182
257 491
46 217
266 535
1009 1430
452 146
44 1048
158 1081
1254 433
1484 288
469 1309
213 170
523 710
540 272
163 390
743 650
680 1447
1443 459
614 1287
1217 418
1144 1090
1408 171
182 359
427 336
531 1376
657 447
1322 1142
116 581
846 1143
1011 375
1114 883
91 1305
380 193
633 675
350 1452
1173 1317
1087 719
799 204
367 601
688 1511
986 616
1292 260
1271 169
504 500
383 479
9 876
285 1300
480 1097
794 953
121 1352
1438 462
774 516
574 918
445 759
818 329
1319 1055
1164 1020
1437 983
Ne
391
1142 639
908 371
139 114
1012 724
881 1005
1192 230
1002 1226
628 1389
233 1391
592 586
575 292
641 666
512 1078
32 916
838 1379
1190 1390
473 660
386 455
63 970
410 742
1123 239
1452 789
587 1336
306 662
543 385
518 1180
310 503
770 281
674 441
1454 616
1318 873
1415 638
1062 843
583 746
839 973
138 1156
307 324
27 226
1501 553
919 548
315 694
406 853
1359 1361
100 850
207 1442
1011 975
717 963
155 813
812 1175
1365 0
31 81
205 160
597 1152
373 267
1185 863
960 1371
1524 375
1236 7
380 26
1286 818
237 703
939 1419
1440 634
774 1223
1375 413
633 164
1105 605
885 357
712 930
488 1280
811 546
531 876
601 563
1057 85
304 285
149 17
83 185
1126 477
104 214
888 682
799 356
76 1132
124 60
220 250
367 738
844 610
584 1467
884 948
1010 329
252 1503
55 64
273 1372
931 922
401 219
152 627
857 142
1378 926
118 417
501 713
642 1084
1184 625
969 680
1082 1388
804 289
1466 1287
1243 221
148 98
1164 1147
1456 443
411 1174
1064 698
423 195
954 1047
1468 1520
197 24
1151 1056
632 1447
1275 446
773 282
1109 1117
393 508
1086 754
1313 266
941 1406
489 1460
283 1495
1522 1353
1337 830
269 231
424 1332
61 992
1358 935
1328 425
946 44
1411 1015
1483 1377
1303 955
588 72
535 673
1224 112
1000 693
1329 1384
69 593
798 188
476 365
1281 1362
1201 784
879 1289
1234 1398
791 1356
652 459
1033 409
326 68
540 1094
1266 739
1217 981
22 1412
1333 391
866 224
48 667
1486 1176
435 837
217 479
1024 297
900 229
1072 1341
1428 661
1091 1523
212 749
786 218
418 927
145 1444
1305 1230
1244 1096
15 820
1041 264
334 1453
460 1016
589 848
1270 877
834 1282
989 313
1193 328
1232 1308
936 685
260 1134
1020 525
381 869
1111 938
1170 949
106 21
1339 966
1443 433
216 244
490 961
504 929
997 1071
1241 330
1007 1212
578 1342
640 860
649 1321
1169 1493
678 232
178 186
1431 725
1465 1017
687 802
1271 215
50 842
828 180
1472 651
255 1512
1053 468
697 952
1484 291
1150 764
346 181
196 165
327 175
1240 293
623 390
322 967
1083 109
1200 606
734 1492
5 607
982 700
1511 741
290 1202
339 191
1317 358
453 1276
1258 1370
1095 256
1137 653
294 550
590 208
675 1069
988 486
1364 1481
762 609
153 1087
497 1173
421 45
564 355
836 1423
150 53
1063 1136
596 119
1068 555
422 498
937 1311
1455 308
933 1205
832 1471
286 1048
996 361
1159 397
577 464
910 998
814 480
711 1179
1352 99
794 143
56 549
157 1496
1507 1155
521 1489
144 923
1093 1294
708 1340
1251 705
1019 67
1187 87
620 692
1189 1070
444 1438
688 438
684 111
42 345
206 271
1157 816
203 647
1414 213
183 1482
25 1023
1129 159
1149 915
431 1191
66 79
1315 408
225 1432
1297 1049
867 911
171 736
594 1316
797 993
1001 560
1351 956
1403 187
1009 1373
852 405
1505 1233
1092 352
309 1502
28 16
1171 841
1450 1242
440 912
198 835
420 1140
320 1231
450 541
95 419
1245 1165
58 943
296 238
631 1408
615 1203
1478 861
374 457
84 1163
78 769
755 251
994 831
247 177
803 570
316 951
695 1272
366 1112
1054 1260
133 73
284 643
1182 1106
978 1369
921 821
545 174
745 428
432 35
679 337
43 1107
1263 971
635 493
1 790
858 520
249 529
1513 474
604 257
1278 1186
108 1268
702 822
777 817
62 254
598 1418
1509 1079
20 1334
925 782
200 1207
617 93
448 1162
248 944
234 1494
277 1183
318 1014
299 77
1143 1255
91 796
1331 1003
1211 172
751 1133
394 576
382 683
1210 1239
1469 192
470 778
1065 1209
810 1508
378 886
846 274
855 1510
983 574
581 1167
1249 809
168 298
1383 845
1306 752
645 760
793 487
1225 398
536 403
Ne
1203
2009 2815
33 4104
3486 3153
1408 1588
4459 1823
1363 4436
1963 547
145 4056
3051 301
4311 4156
2661 3668
4532 901
2756 1580
3960 1948
2668 3725
1185 3330
4497 4681
834 3918
3022 3802
1766 3558
3791 3788
181 845
4012 566
4283 193
1286 1609
3689 1532
4206 1326
3859 4527
2034 1685
334 945
2379 2907
1726 2435
987 1200
1550 112
2226 3547
3706 2331
3966 2629
3398 3206
1441 2095
648 198
3527 3806
369 3174
146 778
3167 1975
4173 4511
4699 4220
518 2487
2531 1651
3325 3869
4375 2664
2040 1226
1378 26
4226 4211
4049 4539
4249 991
458 2748
3963 1914
1244 3893
4466 1771
4692 4295
4133 3921
4050 2926
3612 2495
3767 745
4272 3656
2665 2198
4691 374
4549 3087
1920 68
698 3304
968 474
3255 2133
3349 340
4132 2254
3984 1056
3522 719
2682 1303
469 228
4658 4525
4695 1929
3615 1122
3946 911
2199 1081
2977 1007
1485 3644
1497 4618
493 2697
2438 2430
4330 133
1861 1935
3842 2085
2419 3710
3577 57
837 1433
2787 4707
3112 2471
2959 850
593 2782
3783 4004
2453 748
1029 415
2905 2119
3134 3074
4386 2446
666 2264
2267 3509
3113 2261
2180 2718
3667 1172
1428 1427
2490 2673
1203 179
4182 1412
2988 1778
3664 2327
1414 4064
58 964
4615 1890
4285 3575
3137 918
2517 3231
4448 1158
3078 4443
1397 4523
3351 1733
3953 2540
3661 3570
2092 4123
2231 2284
811 4457
3132 2182
101 2758
358 2489
1758 2189
2315 2007
1299 3300
113 908
2294 3678
973 1239
177 4616
4474 1263
4661 1198
1339 268
2031 1124
1786 2768
3054 1698
1078 2952
3531 3498
1569 1058
2719 4268
1600 434
804 1837
154 4337
1223 4595
4470 3537
1362 3003
4006 3034
163 2985
1554 3520
3572 300
490 2788
1905 1119
3143 3425
2790 2825
418 691
2421 1517
2083 89
3061 4126
4263 3599
3801 2077
4441 3103
405 3985
1579 1051
3478 4304
950 3765
3224 2236
1760 823
4152 3227
1926 4599
2741 54
3286 1129
3063 1114
2997 3284
1860 1566
4403 3573
4189 19
897 2962
716 4359
4686 4060
4489 4591
3319 1266
1255 66
1989 1084
3565 2808
3216 425
4643 98
2585 3111
578 2714
2019 1331
85 3693
2302 4567
974 1520
1183 1436
2422 4385
3583 1518
4017 3254
528 1445
2394 1528
1782 4198
1267 2352
3163 2347
710 3219
3747 2070
1590 1137
2727 739
1596 4469
1376 2451
680 1494
2812 2655
818 3958
1107 2480
1706 4352
1968 653
56 3720
197 3158
4114 4369
3507 3825
234 2659
248 2475
2420 2693
3388 699
3430 1174
4393 3435
3808 3722
2519 1799
3645 77
1638 1791
1844 2353
1547 647
432 3115
406 2752
4653 585
2132 2349
1218 1140
2093 4413
4315 2945
362 4355
4488 4143
780 1976
3178 1482
623 1876
2395 3343
1381 355
2456 2992
2971 3144
2470 2130
4540 494
2666 4045
4175 4376
4009 3508
2045 831
1789 851
3273 2235
1197 2492
1036 1630
2856 1941
2388 3865
1846 1784
2948 1728
4177 3938
4201 1232
2402 4445
641 1967
2020 513
4583 4199
2473 3874
1859 604
1224 2572
4052 1291
3961 894
1558 502
525 1780
477 3796
4188 3494
1304 1679
2472 1746
67 2670
2873 3990
2335 3738
162 4429
1472 1531
3017 2667
2383 1560
695 4062
489 1946
1425 2853
2657 354
3533 3260
1481 4709
2162 2167
3258 2938
4410 4594
1277 1602
4507 365
4498 3708
194 3657
3021 2539
2522 1049
3151 4007
2407 1120
2229 1910
4230 2106
1044 3546
1259 207
2864 3772
2129 321
2651 3121
3860 620
3596 2807
3385 3545
304 1465
4094 595
913 994
2449 1422
4232 2545
1745 916
413 4289
3416 1054
311 727
412 788
3427 981
4698 3810
286 2685
4638 2339
2308 3257
2206 2649
2820 3186
185 3175
520 4365
2645 43
1451 3629
3641 4576
3436 835
1625 4107
1644 2523
2969 3150
3817 2613
1955 284
2579 135
673 2461
3184 4341
4247 3997
3697 390
2491 402
4446 4147
3197 1516
2823 308
3511 213
3479 2249
1356 3296
1615 2458
3551 2838
4251 2733
1010 1023
3447 4213
261 2828
3704 3981
4318 659
2763 258
1448 3535
2584 282
1813 1193
3076 4210
4155 846
3669 819
3807 3092
1748 310
4639 853
3212 4343
1969 2128
646 2127
4559 2234
1582 3898
4083 4409
182 3464
95 644
2588 3073
4398 2247
1473 3505
921 1310
2557 2185
2355 694
1703 1827
2266 4106
1841 873
949 4451
2855 3375
1258 1570
1958 715
4383 2298
4223 900
3287 868
4144 1896
424 2498
3924 1913
2501 2381
796 4245
562 2576
1870 573
877 2440
2739 1231
1205 765
2203 1692
650 1403
4222 587
2674 4099
1293 2793
714 724
2311 184
2876 2862
1196 3518
1818 2909
2863 1839
1449 34
2466 83
1314 1593
1974 2635
3046 3041
713 967
3455 1305
4577 4324
1496 115
1762 1640
2568 960
4291 4512
3991 1330
1561 2171
883 3673
2684 2654
1604 3313
3429 3691
422 2686
2196 3487
3543 2425
1816 148
4025 129
2806 4293
4487 774
3438 3204
1674 2288
3687 2933
1287 2502
75 2641
1214 4253
2844 3468
257 275
564 898
979 4276
3562 3700
2385 1369
1322 3390
3285 3380
624 3060
4646 2976
2607 3387
2805 1964
2910 2139
3705 3032
4011 3423
560 3843
3608 3209
3428 1035
571 1274
487 820
4560 1880
4708 665
879 849
1 2156
2052 621
2767 4075
2431 999
3625 4127
3731 4358
439 3640
625 3454
3952 2508
3541 1617
792 2400
1133 3560
830 798
2795 1346
4378 36
357 2081
3840 4396
4071 442
332 1681
4578 4171
3226 1411
4040 1993
4196 3145
4266 2329
4271 3851
3093 51
1383 4335
1660 1716
922 2401
514 3762
634 3052
1476 2840
2908 150
1373 245
114 1247
1018 3590
3473 4694
1598 3160
4556 364
2056 1229
1781 2396
2882 3554
1756 7
123 3253
2265 1093
153 109
1898 2622
1764 909
3147 3456
2454 1538
767 3355
1643 1894
4420 2142
4202 3181
1862 4067
24 2404
4534 2212
1057 1143
1221 4192
3674 1279
9 1557
3029 3634
3925 3637
4711 962
1915 762
609 1050
3117 517
4536 781
4166 4087
1798 1664
4710 3477
3180 4164
2500 2200
1658 1090
3136 2465
2953 1365
2096 3292
3951 431
1446 4160
459 2457
3379 2100
3165 3050
3048 731
128 2858
2310 581
111 3709
3651 216
3109 4467
3172 4625
484 18
2150 2051
3376 1970
2213 1450
3401 1400
1708 3007
1460 869
2515 2513
3345 3743
2913 4392
3889 3993
187 2255
3169 1325
4356 3391
839 2636
2710 3876
640 3677
1971 2067
2514 4486
4084 2819
1443 3734
896 4032
2477 2140
4372 529
166 3757
2813 2027
1509 4468
1608 3914
3500 1211
3576 100
2481 1555
2906 200
2137 1814
4419 3011
3503 1515
3680 263
2609 797
833 400
86 363
3879 55
607 1437
3009 2468
802 2281
2644 157
2075 3125
3289 262
1803 1053
3660 2623
498 1938
3798 1686
3269 2278
3245 1012
3978 2423
2109 3761
3824 501
583 4074
997 703
2537 4360
3098 1666
4598 195
1173 1237
447 1285
3891 1832
2573 1141
1747 2035
2037 1161
1379 2851
2601 1094
290 1796
2937 3513
4557 3519
761 3676
2143 329
2000 1751
4031 4581
3853 4150
4165 810
2762 4544
3168 496
3071 126
3827 1429
480 3198
4001 4548
3020 3459
4522 1978
4340 3822
705 751
4339 1106
3594 4444
4228 1917
1623 3293
4670 1988
986 1454
3647 3014
3648 3983
4069 2221
1092 2010
912 4043
428 4021
2277 559
1741 844
1949 2406
4644 1729
936 2025
3873 2033
196 1552
2483 586
3490 944
119 2146
2660 1292
2228 970
2765 1884
6 4496
280 3555
4216 763
1553 718
1724 3250
3977 4563
4281 2397
814 3243
2204 389
281 127
4494 4322
3365 2191
3818 988
1822 4134
4091 3223
2615 1684
1737 1820
524 678
1809 2691
4037 1021
836 3057
1344 4640
1072 4666
238 3205
3030 4215
190 2068
3632 3735
2060 3203
2830 3919
4338 2564
992 2002
808 21
2544 1386
1045 497
2375 2605
3716 4364
1599 1011
3633 11
4058 2915
3462 1597
2706 1321
343 1245
4095 3108
3635 2263
1962 638
339 4135
4298 167
2293 3265
2504 2955
289 2257
430 989
183 4284
2796 242
3908 1849
3927 3152
4454 4434
4258 4636
3774 957
3568 1456
3654 2117
907 3771
3415 2602
3374 3357
2695 667
370 4449
657 368
2640 3719
2792 3614
3309 1587
3756 1521
2367 1659
2920 2410
2603 4250
4603 2871
4588 1157
3072 2479
2940 1654
2292 3334
3724 4018
1500 1002
2987 3484
2006 232
4440 3733
2512 4607
934 252
4334 3395
296 2316
1431 453
3929 670
2429 2652
3782 1620
956 1489
2865 610
3410 3616
380 2116
399 4590
2080 2384
2323 2260
3281 218
931 2996
1995 3280
160 3404
615 143
2074 2632
2827 2356
1908 3940
450 3105
1984 2675
1404 1863
1019 3266
3096 4573
2914 4197
3834 2306
1096 1853
3247 829
1392 122
2713 4187
463 636
1353 2946
1162 227
3780 41
2683 299
324 371
2079 4621
537 1966
568 4097
4663 1794
1487 1204
2232 4561
155 4317
4418 1783
965 4421
3789 2818
4301 2736
3373 1098
1523 3318
3630 2785
4589 510
1043 2351
4706 1121
208 708
416 2619
3593 4423
1631 543
3476 2055
855 2597
784 2207
283 1761
3492 2662
1377 1836
1026 1785
3619 2779
3790 4566
4370 3077
1944 3307
2703 2362
1022 4447
1005 2192
594 1338
2801 2101
3040 1893
2892 3094
2469 1283
858 1468
4033 1269
1434 3382
1493 3301
2621 671
2643 3166
3457 2700
3367 2464
4209 4685
942 3298
679 4562
4473 4273
277 1687
1939 3711
1358 2177
3606 1312
1475 1711
4493 2724
2485 3679
1645 1872
1394 3139
1241 2415
3362 2590
880 452
204 2098
2989 2452
2841 1701
795 53
2744 3794
4020 2594
1619 4267
3207 1348
1484 629
1257 1865
4353 3957
2927 4170
3156 722
2721 1186
3589 2542
2663 3899
3124 1710
3582 1586
4641 4048
140 2124
4508 2028
2930 2893
2705 3936
542 2358
1945 1159
2190 492
320 1151
462 1657
790 1486
2911 3448
3892 4479
4178 2029
2759 250
1167 4458
522 3517
941 3182
4224 2950
1661 3232
1360 4430
2737 2417
4696 4687
4325 1280
3598 298
2854 4248
588 1063
4073 3031
924 3736
485 3713
2386 3499
2436 1954
1014 3980
1225 3328
866 4499
3955 4236
4659 1113
862 793
2175 1768
3171 435
1254 3737
2155 3001
4319 506
1066 2073
1697 2201
1220 1309
4678 48
3474 2187
1695 2973
842 2798
2208 732
2115 2735
3775 3878
2803 612
2978 3118
305 4503
2800 662
2984 3975
3312 4183
3274 1341
1060 4342
2720 409
733 3591
2348 307
2346 2990
465 3039
2047 2259
1345 1357
535 4388
1533 212
1723 4697
165 3460
4235 23
910 192
3173 3019
3939 1626
3308 3776
61 2904
1366 2780
1037 46
3055 2994
3690 1678
1838 2245
3849 3881
3089 2062
3948 319
3926 2378
2784 760
1000 3595
1024 359
4219 3588
2694 4404
2567 3930
25 4611
777 4046
4531 1911
168 210
229 1610
2742 3123
2325 1268
4623 1055
1672 3793
103 240
1398 2783
3749 2689
1249 466
2113 1973
3604 3161
2975 4407
1951 1501
2165 1851
4704 3855
983 2924
4629 1375
4078 2246
3627 704
1222 1289
2250 3523
675 30
905 940
500 3310
4635 3439
3872 3525
3745 4278
2672 3475
3331 2314
2860 553
3631 4287
1163 627
2282 557
2614 3451
2154 2919
4227 124
4702 4331
287 1754
3884 2671
267 4541
1805 2839
503 561
872 1192
3434 1930
1152 2111
293 1682
410 4327
4193 2639
1116 4130
3002 3238
1109 2273
2550 3763
4435 1240
2017 1313
2669 3550
630 63
15 401
1298 4039
3954 468
2008 1808
2110 2730
169 1212
2220 285
2956 3164
4086 3370
2405 1852
2847 4373
3542 4142
2015 1483
2237 3272
3866 3359
2878 226
643 3488
3748 1064
180 4533
2270 449
1136 345
3665 3424
1628 1210
3698 3681
3190 4545
4671 3252
2103 4361
533 2509
4412 2001
2536 2108
574 985
3618 2012
2366 2734
548 4205
2240 2565
4261 827
3658 3663
1611 807
1667 1085
256 417
2529 3386
2168 2711
3764 4613
947 1900
4265 278
2538 1875
464 3058
4279 2359
1866 4506
3544 582
2608 2361
3467 4259
549 4631
1387 3501
1957 2822
1688 1342
3750 2297
456 243
2634 613
1315 4609
330 4179
4088 3956
2455 1419
1234 2965
2334 1592
848 2005
2702 3592
3405 4414
4115 3264
655 3433
144 606
1372 2633
2044 2917
3465 772
1636 1148
3225 959
4482 2624
4321 352
3910 20
4002 2849
4260 982
387 3601
82 2879
863 3835
3815 3942
890 2050
13 388
3320 1108
4065 2217
1195 1925
4575 375
939 4622
3515 1979
4405 136
3539 3489
805 1038
1227 2826
775 1194
746 3340
4300 35
372 3409
3830 4124
1842 27
2921 97
3912 1512
1897 1177
1867 4492
2046 2586
4397 2030
2338 3085
2709 3106
396 2210
1276 541
2680 2439
1253 3120
2102 2071
3944 971
1906 3715
3453 2524
1117 1199
118 3623
4484 2569
3605 599
3510 3528
2252 1332
3095 2428
1714 1079
341 4109
3809 2829
2589 1982
2777 711
4005 88
569 4059
1368 1801
4645 3695
3578 3149
3826 4184
3 3969
1233 2961
786 891
2872 2606
1637 4129
3402 2678
2118 1572
2561 3885
993 4212
4190 2611
4351 4452
2159 3246
3904 4154
4102 2991
1903 3159
3469 3036
486 3221
3135 398
3491 4491
2088 4568
825 1603
186 1324
4313 4461
2555 2899
1543 4399
1879 2123
4117 3548
2547 1895
4111 2972
331 1073
Ne
1118
778 322
4203 2482
2578 3837
1194 1567
2357 417
4029 380
4077 3795
1079 1675
4312 2076
685 3364
3884 3136
1268 2594
3567 1639
605 3777
913 98
459 1628
3876 227
2200 2671
3772 2539
303 4079
954 1056
2180 877
2244 893
4045 2621
1034 1878
3448 2524
1670 2793
3351 1511
2519 2705
1440 1476
2932 2744
2478 3215
884 2494
919 3474
2155 122
4275 3720
488 727
1991 2928
2833 2760
1587 619
113 2726
3117 849
4226 4058
2694 957
1250 1509
2350 595
3099 2117
2742 483
2456 3570
3810 4231
2856 143
3374 1387
4021 1431
1937 1676
1872 4243
995 173
3057 1384
3362 3223
1259 3893
4228 1121
318 755
2222 1331
3046 2930
2091 1487
757 2507
953 438
2458 546
1062 662
748 994
1143 3519
760 3778
2620 235
20 3303
3585 3312
985 2250
1727 829
2163 2314
3785 1649
3355 3891
3321 2119
1726 3959
3815 2872
3207 3967
972 2146
1718 3977
4047 3665
1840 497
2277 1309
574 563
105 3505
718 3990
3227 3406
3329 3775
2202 95
4159 1051
2204 2904
3253 1627
4230 2896
584 25
2194 4169
2871 4101
1825 4172
2185 1897
408 3443
3981 1833
4238 302
1007 2868
3716 2327
233 3337
3559 1827
3051 3765
948 1327
2052 1524
840 2348
1224 460
980 3392
2409 2612
2245 63
2656 3161
3141 1996
3291 864
2725 149
3179 335
4372 265
376 2834
3 3340
1952 2329
463 1970
2897 1845
2643 1346
3170 433
4381 2692
2305 1300
1879 1936
2934 2367
1892 1870
3145 2785
1635 2223
2672 2669
3914 295
481 1342
735 3678
2848 1815
3452 1467
1912 1003
4144 1461
4368 1664
4349 1648
3831 4099
4406 1771
3527 3880
2063 644
3465 1715
3659 3647
2556 2668
2545 606
872 2898
806 2289
339 3024
4069 2551
3453 2915
1328 1685
1884 3970
1918 4136
4315 1427
2510 2829
924 3875
4034 2982
334 2644
1451 1222
1313 4094
1135 2600
2610 3197
1517 340
3900 3041
3292 2939
4263 1432
613 2460
4328 2468
3008 3691
142 147
467 2560
1176 3348
3497 1359
1782 534
4289 1472
2514 3152
329 3160
3726 300
23 1319
3965 1206
1088 219
1793 1686
2068 3593
1543 4052
1709 1209
3992 2488
1038 4388
1358 2190
583 700
3501 4129
631 2593
3633 3268
253 813
4239 861
1060 854
1380 2197
4194 2518
810 1334
37 908
0 2601
2401 2239
1843 2382
2858 1829
800 2112
952 834
3934 2172
211 4064
1710 4011
462 1751
560 3108
2751 4008
1483 2876
414 2
2192 245
1246 3199
299 2860
2137 3629
317 2231
498 1508
3327 3590
4389 582
782 1774
441 2987
2393 3514
3344 1009
3373 1048
2475 4365
1935 2324
3661 4139
1364 1025
1255 3149
296 2386
4407 3419
717 2338
1430 3812
1437 3333
2339 906
2167 3849
3614 2153
1732 3230
669 3703
2262 1637
935 2844
4378 1156
2161 785
93 2854
3984 4252
1607 1199
1169 2822
3751 3563
267 4127
2944 1448
160 1862
3750 2496
729 2133
1282 1303
3164 114
3745 3554
689 2084
2956 1993
2547 1379
3858 1498
1419 2238
4100 4375
1168 2454
2608 4354
976 3142
4261 3979
3464 1078
4405 1061
2741 4222
3631 2853
3387 1367
516 2237
4272 3846
1076 1039
2072 319
1155 2532
4174 2490
2813 2541
3425 2264
337 1423
1474 4178
274 2961
3157 4214
3032 89
3322 936
2993 1598
164 2100
2205 2641
1805 1050
522 2330
2561 471
2235 2086
799 2662
1865 3232
2817 179
540 4086
1716 3263
889 1439
1073 43
1977 2535
485 3511
4327 4206
3062 450
257 3730
843 455
2168 2735
2824 328
1426 715
2448 54
1130 4280
3369 1264
3006 4409
4374 3039
852 74
1071 4225
1180 3180
2681 2567
36 4347
2123 1558
3011 1154
3098 3868
2037 280
723 371
452 539
798 2521
3957 1947
4265 3782
2590 2247
1097 1247
978 2446
3902 2080
477 2935
1195 1375
2983 2196
1028 121
2511 2704
291 3488
2723 200
575 3784
2917 2826
570 1689
1068 508
4292 4102
996 2688
2583 311
1665 2379
617 4111
2019 730
960 1619
648 3380
2637 1957
1036 925
2678 3607
1849 3641
2225 1570
2764 2980
144 3961
2136 571
273 1608
1290 1244
194 576
1876 3688
1355 2958
2399 3064
1450 2562
4103 320
1855 4066
1667 1691
1888 2126
866 370
3877 1746
1283 2077
2307 2676
3345 1299
3240 3366
1717 1590
1257 394
1998 3762
3611 2108
2093 710
3862 1986
85 665
3359 3172
1113 4012
1444 3247
2435 2847
4379 1296
3293 2893
3205 1886
2479 3255
3610 1190
1218 2974
3546 3123
4353 2173
503 1000
4016 2969
458 3845
72 1317
745 495
2380 3540
2253 4006
651 1902
1398 3553
4072 4074
1610 3042
4132 4237
1550 911
2638 1965
1413 2087
2548 2106
1542 2096
3129 3434
3422 3818
3420 1781
51 1020
1539 1278
2170 694
2503 1529
2152 2179
1577 2230
1599 2903
4126 3562
1940 2006
3238 1344
3791 250
1854 1033
1972 1098
1186 2480
4080 4028
1505 4250
1503 2055
940 305
3681 1932
425 2810
3013 2291
3341 1018
2013 4187
444 3727
301 2722
1183 40
1655 1350
2333 3763
1646 2649
343 413
392 1684
8 1479
819 2261
1172 2875
3809 851
354 2431
3859 1981
263 3582
375 1302
2336 2233
2564 3704
1280 3496
4053 1764
278 1526
2082 2815
3789 2549
3803 2135
3879 2657
3368 282
1705 1739
1847 1997
401 2464
2419 3767
3490 1943
2585 1386
1134 2770
2272 3639
604 2053
3642 2835
1338 3978
4060 2728
2210 3813
625 1976
1308 1249
3249 3214
1596 4205
2796 1867
32 3276
4091 484
2266 1149
2031 1735
1964 3680
3245 1830
4095 590
1046 466
2634 3713
1881 1704
2151 1708
3168 3492
3319 1914
932 3512
3819 1666
863 3529
4299 2344
127 3657
3558 1446
3871 2444
3138 88
1868 1906
646 2734
1711 4089
183 1318
2273 1449
551 1622
2781 2758
1913 199
2707 738
1820 1749
3097 587
2411 3658
2515 817
1370 1975
1861 187
1285 550
896 869
3424 527
2599 2938
4249 3786
4227 2513
87 281
977 2208
2990 3310
4131 3203
4202 3773
899 4167
3001 1219
2234 4257
2018 2092
1828 990
1012 61
1117 4329
2278 3542
1848 1245
2366 3864
2011 2032
2890 2201
3619 4321
3128 548
1979 614
4003 115
3829 2675
2615 2720
3816 3932
1015 4306
447 1201
1490 4397
79 3455
3571 762
3056 403
496 3298
3748 3027
2902 2664
586 3030
2101 3061
3800 3018
683 2353
769 1256
3904 2633
3645 1414
1924 3365
137 3737
3377 1548
695 3486
1837 2828
2695 3025
1568 830
3010 2756
4278 1836
2433 3193
3226 970
2611 1454
3925 660
679 1583
3569 3926
2713 3853
3416 2952
1898 4267
163 195
2881 189
2988 2997
1059 2452
706 2900
379 2130
3890 4152
2417 879
1399 1894
4395 314
3260 480
910 2531
2798 3103
3144 2852
2323 2276
3173 80
238 3476
3547 1994
1896 2071
1552 1834
930 3399
870 1466
344 3905
1027 2300
276 1361
1227 1514
2631 3092
2698 2215
192 4308
331 2473
3112 1475
521 270
725 4168
4057 2056
3251 374
4403 1070
1040 2703
3697 3586
795 572
3068 2041
2553 1241
3931 3156
2099 2565
1415 3308
922 3947
3091 2901
470 3806
1363 3456
955 2325
2062 2724
214 3982
1360 802
1617 2345
1304 1663
1638 1354
3536 2870
3003 1740
3735 3651
3093 2543
1681 1273
4154 1463
1839 347
3823 4157
1512 3561
3917 2550
3026 3241
991 486
2992 653
1801 3318
1856 1376
692 3007
1093 621
579 3114
2665 290
2574 533
1818 361
1778 4054
2840 1351
655 1745
4398 3732
2609 2070
1783 3580
3104 1287
1754 244
1089 3005
2361 1841
3544 3895
3872 687
2970 1518
815 3600
1650 2663
2795 1188
2555 1838
3793 1162
4326 1895
1294 421
2924 3646
3305 2894
1054 221
1904 1601
555 1520
772 2721
2636 3148
3769 4107
1114 1858
66 3316
1231 372
4075 3897
3065 658
3478 3592
3089 1377
1779 4357
764 352
17 792
4391 1043
2116 2719
2745 1814
4149 2349
1802 64
493 1325
1719 3376
734 12
1653 2801
3049 2389
2110 316
1844 3802
1441 4
2043 1253
2371 4033
4078 3675
3269 4063
3827 469
4294 1521
3798 4055
1983 4007
2443 3922
3409 2768
3857 2666
2034 1574
3996 3557
3560 3531
1478 1137
2947 709
1674 313
1198 3012
759 259
1642 3271
126 2178
768 1679
2471 628
703 3698
3736 1987
2618 4268
4133 2374
2800 218
2855 3102
293 2940
2682 2684
3503 3805
3856 3233
1092 3842
1042 2296
3167 4081
3894 3634
3739 1592
2732 4229
3196 2498
153 2673
1581 215
2831 770
825 4291
3352 1966
3761 1378
2920 3470
4412 1381
4175 883
2269 1297
1669 641
1010 207
4015 298
1889 898
1743 2670
4215 4224
2160 1826
4128 3360
964 193
627 4050
3034 3054
3972 2107
4394 4346
1365 2294
2252 1459
737 4197
2397 2171
1773 2483
3949 69
237 537
2736 3363
1410 3715
2132 3250
2142 1230
998 3825
3209 2808
1215 2836
926 3701
2530 2486
3165 3353
811 3043
2991 3243
2506 1733
3231 405
3752 1392
3301 3573
217 3038
1920 2731
2129 1438
489 2738
4254 3956
2430 1887
4022 138
1956 732
4341 1368
1484 2906
3668 2259
1706 400
3132 1213
2282 1522
294 229
2232 647
3213 2144
2461 117
566 2193
1800 2359
3073 2889
1738 3185
3794 2639
2895 2625
1193 2057
1159 2384
1673 716
2777 353
950 165
2591 3620
594 4134
1724 2104
26 49
3239 2936
3973 2603
2542 312
3696 1620
1852 2892
1128 482
636 228
609 3987
2038 1611
141 2028
4114 3870
1652 3741
4342 3801
350 1347
2216 545
2617 4386
388 1110
2025 3706
1631 3906
236 27
412 2318
1600 984
3677 1263
1687 3044
2807 3841
697 1572
1584 1731
832 3286
3622 1606
686 3517
70 4260
197 2569
3811 3526
2945 132
2575 2953
882 2415
1158 223
3863 16
1069 3458
2984 2354
856 2651
1798 288
1185 656
440 3257
758 914
2429 1695
1236 2292
3273 3624
3437 3886
1356 3936
4283 3109
4036 1995
2927 2398
3643 739
3200 2816
1645 2502
2141 4115
3477 134
2078 2369
83 1101
3515 502
920 357
2592 1963
4358 1545
1165 3019
2465 490
895 515
2971 2095
3644 159
3729 4293
2877 3281
1988 724
777 2921
1916 3985
2377 1175
1659 397
1654 1903
1200 1433
1822 1182
2298 3342
897 1229
642 3759
256 3709
736 1207
3354 3338
3756 1759
2449 858
2424 1525
3533 1763
2404 4317
4218 3941
3630 959
284 3267
3948 3004
1065 1835
2169 3807
3405 2888
2843 3382
850 345
1348 3432
650 35
1497 2508
2437 814
1281 1136
86 580
1860 4122
634 2767
1345 4356
1408 3206
1982 2584
1810 2295
2181 1597
2797 4023
3537 904
941 3671
654 3175
2335 1120
3122 3210
3394 2963
398 2206
569 3195
2701 2605
1575 2702
4032 2729
2776 699
4163 382
1776 1330
1435 3111
1443 2525
1672 4185
3717 2462
916 969
2648 2341
381 3861
1536 2823
4000 707
2998 2343
1899 2687
2700 2375
2387 2026
4232 222
384 135
1223 1099
55 139
4369 4200
4246 1024
2310 2050
568 917
1535 2481
982 4274
2365 3336
855 3229
65 3379
3648 3516
1571 2658
1403 3277
3398 1402
3605 1866
2191 3135
553 3414
3565 21
2626 3384
4186 1133
1404 289
2046 1352
1322 1506
615 2275
2281 377
2125 892
1578 500
2320 1173
4251 3601
3022 1613
596 1562
1 1179
1582 3283
937 3822
3500 4241
2097 1615
2985 2899
4297 2413
4302 3045
1006 2226
1890 1436
2913 4352
404 1202
3237 152
2911 3137
942 2959
4236 1489
2941 1703
622 702
3632 1189
846 3202
2962 15
1528 1953
3471 2122
4173 4209
663 1488
4161 4179
975 928
2166 4002
1208 4217
837 4176
3228 2680
346 1064
4014 999
1823 3171
2060 385
3378 2003
608 3118
1457 1770
3518 4360
3074 3033
667 3252
2255 1985
2271 1122
4413 1551
635 3852
2937 360
4219 325
254 1058
2279 3834
2505 3878
3461 1295
611 1482
3506 1980
1277 2706
110 3248
348 241
3192 2691
2994 3332
676 531
468 1762
1900 355
1385 826
81 750
1697 1791
912 2865
2914 1226
3288 945
2762 4061
2067 41
1013 944
2214 3304
1741 3299
4070 3403
4313 3513
4145 4059
4067 1504
4345 1086
616 3887
2955 2187
3126 1808
1565 981
1507 3766
4147 487
1084 637
612 3077
133 1515
951 794
2463 210
2332 2696
1530 547
3211 1210
1680 1941
2685 38
3943 731
1817 1127
2061 427
2907 1456
4027 1595
1960 58
3009 2579
3217 269
2459 1462
271 2423
2708 2635
Ne
955
91 2920
3419 2558
2549 2727
3444 1821
2562 3279
1838 1074
2505 2153
2644 2355
2469 1869
600 250
3399 485
1303 1670
3010 822
754 2821
2688 2941
2738 2329
842 607
3027 2830
3236 386
2287 450
3481 1657
318 2748
3609 2452
564 2458
2227 560
2979 1097
1984 1582
3430 298
445 3688
3423 1372
1767 824
2648 2997
1794 3646
1729 1477
2183 780
1495 3394
2901 3335
1849 3393
2782 3022
2552 3087
1469 1622
2993 985
3100 1286
3009 1211
1294 2818
3028 725
3631 3219
3148 3388
1689 1423
2314 2042
1484 812
93 3500
3733 1742
1576 667
2515 1813
1962 2981
3495 1135
3539 2819
364 3308
289 2115
1198 2761
1522 2662
525 3325
2281 3286
2667 2620
515 393
931 2680
23 1420
1836 2003
1433 2702
657 2618
1383 133
1184 1965
3734 1980
2401 2300
861 3420
3283 2864
449 614
2336 3268
396 1448
545 2394
2874 2974
536 3570
3052 1165
1055 1830
3126 1551
2580 1145
1935 1051
3690 236
426 3599
3373 3391
1759 882
674 3435
3695 1272
1755 1430
3527 3681
2820 1181
2258 1426
2521 2593
1298 3402
1951 762
99 385
2447 3721
1612 1040
3456 2372
3078 380
204 2573
1655 401
2935 2605
2581 3264
3574 1307
2532 937
2655 2047
2897 899
3551 846
1536 3411
3077 508
3317 3712
2210 3155
2910 1999
490 2133
3493 1404
1173 2704
726 2061
608 356
2265 2344
2671 257
3354 1658
3152 860
3161 1340
943 1148
2991 1377
3293 2639
3535 539
1366 468
2601 1937
49 932
2575 3065
729 2638
3015 2780
1805 178
3011 996
1760 1934
2203 1046
176 483
2828 182
2877 2493
47 2078
1675 3513
3400 2055
3030 1091
201 3428
678 2867
3208 120
2668 3140
3581 2485
3315 2602
2869 3345
2690 1642
1561 1234
408 2545
708 2509
3658 3216
421 576
1973 837
2969 1943
3624 2360
1253 3514
1268 262
3667 664
1983 2111
1749 2212
2120 132
3563 530
1026 295
3592 2921
811 573
2838 1842
2246 335
2861 102
1323 2554
868 2962
253 2325
1022 146
1918 198
2490 512
3477 2198
2459 2970
1473 1734
3392 3266
656 711
1825 300
3066 3204
2222 2569
3648 3298
2695 900
1998 1548
2054 2053
138 3490
2980 852
1037 2303
2357 3240
3153 304
3029 2479
1833 969
2091 1115
2650 105
971 1324
494 2697
2594 1945
2410 75
2232 1949
1180 420
1538 926
1391 988
3578 1829
858 2196
499 2810
3703 1166
3202 2842
2615 670
3471 2579
1713 2338
2752 62
580 890
2384 1787
1152 3550
2393 2568
3086 3296
551 2663
26 334
3183 2503
2299 3582
3197 399
1798 74
581 2843
2289 1179
1333 2852
1207 1250
3497 3687
1285 1247
3231 3566
2391 1954
1468 1000
2564 1916
1635 1659
269 883
2009 72
1517 1442
1985 317
2406 2582
2244 1018
488 2342
2269 378
1976 949
1608 524
833 1593
723 2729
2255 2894
1357 3671
3724 2675
3557 1814
3198 1960
191 1356
802 960
2024 2443
1789 2346
1334 2799
2445 3442
1370 1708
379 1112
3526 3422
3457 3604
22 552
292 518
3342 2542
3636 3590
76 1428
1664 1740
315 3725
1030 2121
2652 3189
901 3273
653 3376
3176 260
1621 1186
1565 3543
1444 2737
1419 2856
2556 122
644 2807
3635 2079
684 3113
2273 365
1542 3193
922 203
1424 2923
819 964
2086 2759
3603 2064
177 2451
810 1737
3623 1306
1417 1933
239 1071
3071 1478
1520 1385
246 2114
1304 350
761 2397
3182 397
148 2767
231 615
986 3064
601 982
348 1550
2088 1702
1109 2883
806 1691
516 2687
2442 2027
2147 892
465 1875
2294 610
1057 3295
119 3625
162 715
3026 2913
830 3701
2297 1406
2611 3160
1429 2262
1440 2603
2893 2418
1843 1672
1328 2323
2999 3042
2978 3303
556 2248
279 3589
2128 2698
2008 3614
3524 1701
2600 1367
579 1412
233 1064
896 975
1220 1276
242 2758
30 598
3567 1716
1076 1800
3184 2048
1921 2453
497 1797
1558 243
2783 383
2928 2529
2825 1894
1479 2349
3579 173
582 3612
1498 695
3019 565
440 3438
427 3704
619 781
125 1975
2233 2010
384 1068
2069 3548
919 2267
1472 903
2016 3736
3162 331
3661 3639
280 1508
958 61
2607 1474
3075 977
2096 1013
479 2853
3329 2669
3151 307
2005 1706
486 746
343 3580
1958 1346
2809 2122
2396 2815
2616 650
375 34
1162 1110
981 1432
2686 839
1447 3131
455 1854
2400 377
3353 2661
2567 540
2808 1146
2763 2851
3644 3008
2142 856
2588 1088
3338 1853
616 3616
1056 698
2316 1762
7 2260
1616 511
1360 1156
187 1639
2674 281
2171 2612
850 3073
718 1493
923 2745
2902 2543
389 800
469 1425
2943 2491
1778 2119
857 106
3259 1634
228 1956
2592 1114
2942 1226
2034 1969
2218 3509
272 3251
1682 3586
3641 2835
549 1222
2271 3618
3173 591
3299 1475
2501 3691
3365 745
2563 2430
2072 645
121 3215
2949 210
979 534
880 3507
3485 3275
1792 1653
2389 570
1674 1606
1132 531
1172 1375
2363 1804
2551 662
21 3429
2107 2045
1614 1061
577 244
701 297
3031 1453
2995 3718
2364 2701
277 308
854 2283
1573 1283
359 3350
2898 2467
1637 1678
2746 2428
1315 632
2703 2812
2435 2326
2477 168
2290 1308
2826 37
3730 13
3252 1335
1017 1007
3124 2154
3652 1282
909 3363
3328 3033
1631 11
950 70
1739 957
1818 441
481 3726
3351 1456
2494 2432
3542 2145
2723 1533
3434 3319
1799 1541
321 1455
928 24
2333 3049
2348 1883
590 1249
2434 1677
1481 3536
2875 3414
306 3337
2359 2844
69 2726
2066 2982
3552 2193
1741 217
3085 2020
2347 3441
2184 1663
124 1224
3645 1666
2172 1810
221 2834
200 2425
2525 1185
1449 2159
98 1170
1485 778
131 130
859 2481
403 3143
3004 3054
2118 3349
1743 2947
3682 2160
84 3480
2327 2534
1908 3220
1401 2822
1507 532
2301 623
3051 1660
3699 3144
533 453
1300 1585
1134 1365
2506 1627
3675 1232
3021 3118
1896 3433
2989 1887
3125 2279
1816 1721
1100 1311
1581 2632
3504 998
1648 2108
3156 1928
571 48
546 3060
843 2117
287 713
1085 1465
3105 1941
439 402
935 3012
920 1596
3007 2187
2137 1063
2710 631
296 887
3195 3405
801 2475
1034 541
523 2029
517 1506
3702 1427
1443 103
2224 3418
3178 3280
2508 2179
3072 3067
3358 2324
1322 3694
2868 126
446 2538
3562 165
840 1086
1703 841
2225 2143
1991 1726
135 3450
1717 3359
685 2986
2685 1528
2646 3234
661 3023
293 3375
2302 2188
284 3728
1764 888
3079 2747
1327 3680
3492 63
2751 1289
2371 915
3055 3608
1748 2134
3389 3621
1402 3360
1523 587
1313 1329
1252 3467
1547 1987
326 406
65 2527
589 1910
2156 2740
501 319
1142 3243
2514 476
1611 3082
3237 185
1757 2407
764 404
344 1895
3235 3256
2144 1575
828 2528
3179 2967
3689 3489
67 894
2742 2028
2388 2609
2021 1929
1511 186
2517 40
2240 3355
942 3061
20 160
543 2871
362 2790
2424 3723
1966 3020
709 1604
2827 2977
553 2512
1318 2102
1580 3101
3199 2189
741 172
2077 803
3553 3116
3472 707
1866 2599
2500 1625
1629 3525
3558 1996
3396 3157
2253 2083
3385 3515
1380 1081
3138 652
3657 845
1269 808
467 1411
3245 1004
2149 795
1628 867
3377 2584
961 1972
437 3177
1502 381
3291 1574
3005 2882
15 418
2175 1990
3498 849
1196 748
2448 3112
2404 3255
1326 2957
1900 27
1766 1405
3313 773
1852 309
3167 2627
760 821
1209 1868
2103 1229
3607 1709
1194 1031
2208 3643
3466 3516
367 83
1206 2636
3364 3070
630 447
2804 1407
2773 3483
2570 2044
2399 1464
2891 206
3629 2865
1279 188
2536 873
736 2242
2918 1137
1277 55
1362 1572
1106 137
794 3046
3587 480
275 3446
814 3479
1107 1994
2621 827
804 507
1163 3484
3036 2676
2647 2339
3447 1891
502 2004
1510 1662
2577 3697
586 268
1592 1683
270 38
3594 720
2306 3729
2395 1543
3379 3233
1205 3194
1020 196
1552 617
3341 3059
351 1686
53 1001
3561 908
1060 2733
1488 409
3403 2712
1922 3583
39 784
2794 1098
1102 157
3344 2694
3076 2769
1784 2030
2169 3330
503 3141
2104 199
197 2908
3460 42
3285 3505
1669 2776
1815 462
3318 2496
3705 3443
433 345
3262 1819
2739 2574
1083 2190
727 1872
1140 1096
917 2972
2673 234
3356 31
1480 1065
592 2709
621 3095
2608 1288
1302 1230
1390 588
312 3591
1889 2403
2513 2207
2277 3201
1497 339
3692 2390
3554 1221
1566 1579
816 939
1422 1348
258 1259
959 3253
1556 1310
779 1490
3499 1862
3271 1059
3538 3047
3517 273
1790 786
2539 1699
3332 41
1274 3371
2237 823
2595 2499
108 254
371 918
2341 734
3274 1863
2537 1394
2444 1082
2125 1338
111 568
1178 3707
291 1586
1924 1905
3209 1613
1228 1906
637 1775
1361 1919
1297 575
1392 136
1363 3239
463 757
1486 410
1587 3223
492 2032
19 2985
2367 3380
2622 807
1567 2247
2561 2337
2683 1704
316 1257
2772 793
1600 2460
82 2956
2334 1305
432 2934
1084 3165
2915 1505
1161 1128
776 791
1780 984
1119 714
3200 1911
2060 3288
2379 641
1337 1047
1750 1397
744 2866
732 2899
2546 3677
733 1964
2205 752
193 1025
3357 554
3347 1078
2199 190
1620 1817
3463 910
1208 1008
1997 2714
2266 2219
3032 2067
1009 2798
1578 2274
2998 838
3038 2354
1939 2670
599 1036
1878 1482
340 266
1532 1342
2565 1090
255 847
2858 1851
2375 1957
2693 2847
2876 3018
1783 1044
3664 3476
3366 2933
2129 1860
251 983
1963 912
2229 955
2286 2630
461 681
431 264
1261 2880
1195 735
520 1388
3121 3710
2251 3649
1993 1967
907 2130
314 332
3084 2420
2940 2170
968 1645
787 104
3147 282
81 3439
3386 3374
407 2741
3698 3292
1079 555
3224 1752
2526 2478
3602 170
2405 2408
1712 171
1618 2860
749 3190
3679 2182
3654 2523
1021 3111
755 1467
659 3090
2597 1554
2305 2226
785 1753
3669 1602
113 2736
363 288
6 369
71 2429
1733 78
2185 1651
305 2855
1925 274
2907 3503
353 1213
1101 1439
628 2976
3626 3133
3406 2383
3109 2113
1459 2715
1968 2572
1239 3600
2353 73
491 2857
1727 622
1379 1988
94 916
328 1158
3187 835
1006 2547
1515 1673
107 1019
2176 649
129 96
2946 3228
1867 669
1169 1715
2465 2743
550 3057
1309 3321
529 722
1138 428
2926 1732
1038 1513
3584 585
1175 145
3226 2382
2138 59
583 1899
2590 1820
2750 2252
3686 1188
Ne
750
1676 439
619 1609
589 321
821 456
2537 1930
2576 932
1912 336
2557 244
2524 546
1785 1123
1338 1203
1944 2135
1371 2719
1681 1749
1909 31
1666 2820
1429 1271
1241 2063
1661 1019
298 879
2779 2351
2237 192
727 263
1820 2778
1385 2245
1784 1732
523 925
1333 433
2282 1327
1263 71
1205 1946
2846 1765
2036 1505
2312 2757
1045 365
2930 1979
2570 2802
1895 2593
30 2568
2857 2401
1210 1247
399 2540
2336 2910
1598 1570
2715 2732
1894 313
1224 462
2617 2602
872 518
1831 1523
2794 421
1843 2114
654 680
411 1005
3 131
1040 1024
2687 51
1612 972
2523 651
946 1315
862 636
2610 1450
345 916
2371 230
1025 1507
2391 820
25 2165
2014 1057
1493 2574
1118 139
2310 85
2228 1866
464 2400
681 2184
855 2818
2476 685
396 320
1251 1863
751 2876
1607 1762
784 503
950 1088
2363 944
2110 2899
1962 747
48 2660
2070 1773
1642 265
1740 14
611 2589
24 143
2073 1858
2027 2720
571 887
1989 1389
2194 315
1293 2908
1646 1645
976 1726
1266 293
2157 563
2907 2867
953 80
1591 2451
787 1202
112 1272
2634 2685
1489 1525
1846 2698
484 1502
849 2302
1482 1934
2747 1791
175 382
2759 851
551 2921
2851 374
859 2924
268 116
2013 2936
2039 1402
84 127
1294 388
354 2853
915 447
125 1346
1383 261
901 844
449 463
1426 133
912 299
707 698
759 587
2150 328
815 391
1079 606
2498 1083
979 792
1547 690
2251 430
812 1442
2712 2056
2172 835
1504 2409
2402 1696
2696 2882
625 839
220 1424
224 2129
2032 1009
1428 810
1936 1174
1593 2356
1001 1124
2622 2278
2168 2883
1920 1043
2405 1430
68 2678
15 113
1334 2525
185 1447
687 1358
1166 984
1927 1725
1102 2633
750 2493
2102 2731
1610 1715
762 2928
2333 67
190 346
311 2229
2845 1177
1287 2945
731 1889
369 2443
233 150
2819 1919
565 1990
2607 974
2028 2144
2399 761
1501 1897
2545 2893
1250 363
2231 2466
2324 1960
1066 2008
159 300
2299 1672
538 2699
966 2880
2901 2648
1036 2051
1252 1044
1289 73
1386 2140
1159 169
2834 1948
39 2927
91 1330
826 1522
2227 1702
340 1697
21 1312
2177 1801
276 1265
673 1292
27 971
1514 2050
1339 2064
531 60
2368 1077
347 122
2849 1139
1972 1233
2891 956
2487 1276
1359 1634
2422 830
2122 2751
2632 1050
2367 1108
2419 2426
1536 2495
1217 2295
1031 329
517 1688
180 2606
2590 2326
494 542
1810 1460
121 65
936 2439
2631 2101
1561 848
2929 2535
173 2506
1316 1003
1783 2052
2180 1257
796 847
652 631
2001 1283
1449 2449
1701 2161
38 2489
2702 278
1178 2801
325 1941
569 1690
327 1211
123 2620
2061 1013
1867 2973
836 1329
2191 2709
1693 2827
1258 1410
35 2285
665 1829
1006 1596
1899 2226
2566 2808
483 2441
202 2900
843 149
637 2457
1115 1070
1373 174
2990 1297
1416 576
2440 1515
1569 2909
1668 1508
1127 1733
237 623
659 1888
869 13
111 1663
49 1403
1519 973
1016 2690
1105 270
2152 197
632 481
2854 536
766 1113
603 898
991 1388
2428 2275
2235 883
2011 1628
1185 2764
1578 891
380 2548
2618 1096
1892 2738
1529 533
222 1298
2984 356
977 1917
1085 1538
1707 2781
983 2059
1564 255
2765 2240
19 864
438 649
1156 1750
1679 1188
861 2824
504 1796
2035 493
528 1520
274 885
516 213
2975 1034
2770 1173
954 863
1621 1223
334 2741
1651 1053
1787 2175
2447 262
2766 999
4 702
1318 1475
2294 2926
179 322
2232 738
951 2091
1084 670
1653 1459
1575 2692
246 716
2903 2939
423 965
559 248
548 491
1384 980
1133 62
1548 2146
129 2143
1039 694
1481 157
1981 2145
2665 2166
1212 2094
2444 1611
2572 1149
2691 614
1617 2957
2890 635
2825 741
2372 1140
2490 1550
1332 1129
2418 2579
1586 1722
543 942
1089 2253
1922 2107
2087 706
2304 2054
740 1669
2236 612
387 962
1970 1603
1204 2108
639 2993
370 994
1091 955
1665 2092
2280 279
2190 1551
2473 1782
2392 695
2127 1017
1571 487
2944 239
138 1555
1763 927
303 669
1827 2130
1819 2821
1568 1652
1825 1822
745 1788
609 1883
2118 1310
2985 2358
712 1623
434 297
700 2591
52 2697
410 1444
1370 648
1741 1285
1768 2554
1590 1064
1885 2464
99 1910
341 884
2639 2601
2560 2605
2555 1374
1138 405
153 2139
1408 1597
2492 718
394 437
1187 1169
2119 2608
1033 1728
2701 2777
1933 1337
2875 961
715 1957
2298 2912
930 305
605 948
1689 1630
2664 581
1192 2643
161 2934
1699 2384
2450 857
1075 1438
2684 209
1150 384
2429 1095
1015 2380
1583 1528
532 2885
2200 1881
98 525
259 2041
395 208
1170 2342
2116 324
2080 1356
2887 1959
1891 2199
1375 1299
2334 913
1421 906
1321 1631
588 2644
1081 82
1479 1398
403 1259
199 6
66 2212
2952 1518
1872 2594
326 2289
2714 2513
509 2468
1049 1030
793 1506
2469 134
448 446
658 2260
2497 2546
1694 2479
2635 613
383 1704
567 2417
250 194
828 441
1605 1395
2007 1943
362 726
1544 332
272 1526
2655 1898
555 1644
2370 1274
1119 2614
1874 105
755 2186
732 1534
1757 1879
1975 1581
358 1470
2864 2357
228 902
401 2905
2865 771
1082 264
1755 2902
2917 2111
582 2518
2588 591
2898 151
2029 2390
840 2879
968 424
2458 1381
57 1101
2520 1181
1677 2640
2022 2339
2871 1955
1277 2858
501 739
1021 1148
2922 1295
1691 1516
2265 822
594 1090
331 2147
2904 2582
982 2536
2961 2188
2352 96
1320 2569
2559 1234
713 282
257 492
1422 344
2270 1110
2047 1168
2023 645
1600 2573
744 807
1724 1086
1684 1675
119 1362
2360 1498
2313 1246
357 1921
2978 1439
2350 642
1068 1132
2204 2771
2761 960
1736 604
193 2072
535 1706
2308 2084
266 1131
1637 2202
1656 1023
2711 877
873 539
2037 1893
451 1368
2081 660
2224 2446
386 1828
2065 2986
2246 1035
2724 103
170 1390
2305 203
643 2721
675 1988
1032 1982
2948 32
2744 1436
2104 2256
775 2915
2780 368
1208 2533
1478 992
845 2838
1709 2507
223 1372
2580 2153
415 2344
756 140
2869 2556
918 2276
1772 663
1729 2653
1958 1154
1454 1228
676 1400
1080 2799
1248 378
831 1588
2670 2829
2932 2847
778 1326
1215 1319
2743 2510
880 1680
1987 485
1336 2611
1969 615
1601 2749
58 1824
2700 1309
2708 2463
1833 1659
1616 2288
947 597
1485 2723
708 841
2238 1908
2645 627
1800 2703
2822 2337
1903 2855
95 408
1109 1126
1797 2071
2681 1020
1531 117
457 1114
1365 2034
2217 1348
2729 2442
2100 1915
2947 622
1562 511
1721 674
453 2960
431 376
1063 1387
2126 644
29 18
1876 1360
2349 2038
1836 1193
2109 428
1407 1837
1865 1328
86 2774
562 2775
1925 0
2461 616
498 1577
2171 1052
2911 2972
1078 2181
2341 2954
426 425
2003 2377
200 236
312 1
476 1353
1243 2198
2982 1737
725 1350
333 1278
2057 2151
1625 998
894 1594
1366 367
2112 2183
2680 1584
1418 432
1835 156
1950 2379
2583 2149
2421 1563
74 1452
5 2055
1317 1953
2916 1804
2746 195
2494 2244
1854 2666
1839 1028
2021 788
2941 1805
2069 1282
2755 1686
2460 978
1411 2987
1965 1705
2636 2836
519 2695
2830 1448
1142 2629
729 187
291 2136
22 668
2397 2600
1244 958
886 429
1196 245
1491 2303
1641 2503
232 2408
1510 2465
896 1711
2527 1532
75 135
2654 2868
1483 1471
227 1268
768 573
273 1176
285 280
106 1939
2748 1834
1985 93
100 2453
2480 2182
2722 301
2097 903
2018 1342
2784 1261
1134 1576
207 502
1026 178
544 2484
2459 2584
2730 2067
1476 1094
2581 1331
2366 211
2264 2517
2585 763
2010 2837
76 1714
2710 1667
1147 1160
1870 1222
2220 1759
1847 2155
1453 2758
92 2076
723 2252
2534 2621
640 1626
780 2733
2267 1379
1291 2979
656 2462
653 2162
1029 338
398 226
1961 733
229 2079
469 2974
1235 1121
1184 2093
1811 742
145 1994
1213 2470
2343 2272
860 827
389 470
2176 889
Ne
518
661 1435
48 287
395 720
1935 42
745 151
1005 389
1411 610
876 100
962 13
763 1405
941 1818
482 638
753 234
140 152
1973 305
95 1210
1775 7
1076 174
954 849
1511 1976
1044 692
1287 1207
1138 747
1300 339
829 2048
1004 1392
1378 776
451 1603
2059 1345
180 1161
688 1254
1440 830
942 1063
1216 524
439 1958
1856 989
1241 302
1474 455
1769 78
1777 1699
1426 210
864 1041
1325 946
1735 1826
263 1803
517 1248
1782 195
859 631
1402 654
1335 1187
1430 1535
1862 1310
1342 173
1683 1229
1677 1126
205 36
1899 802
1835 1264
609 413
2031 1303
1507 1503
362 1070
1867 131
37 1824
1599 1879
1237 1060
491 629
1088 1598
1047 1859
972 822
535 851
1544 1080
1400 147
1581 1139
1463 1786
1931 449
2043 1468
1001 1986
1459 1779
1776 1461
12 915
421 1401
1096 665
64 841
1054 350
971 1036
577 643
44 1116
1140 963
1429 469
1770 317
460 425
1359 1673
929 309
1280 1022
1954 1807
201 1912
601 29
788 1465
1919 626
1675 1190
408 139
898 671
856 2055
1228 1858
2018 34
1364 970
162 110
632 670
824 1924
179 733
1428 1975
1286 1058
880 1902
1239 866
15 1221
993 1249
91 921
3 1758
1617 405
1815 1099
908 90
1784 1918
681 1953
129 951
116 1092
1398 931
525 1917
640 1479
1781 769
1159 777
523 365
1885 354
75 932
1343 1298
850 1767
1933 463
465 1178
186 117
1809 684
605 1245
471 352
418 1505
598 103
1513 1629
1998 539
2005 702
1423 1014
1656 1771
679 316
1908 1537
1136 755
1841 1278
1718 648
45 576
579 1340
6 2023
1176 686
1252 1682
1651 1730
382 1596
208 1305
130 604
628 277
369 1578
1851 335
754 1200
1143 260
1334 804
1713 320
528 122
21 1265
1488 1508
2073 2066
1838 775
1336 1966
1845 203
464 1903
189 529
1693 1600
149 1863
182 387
1711 2
635 479
452 311
1285 669
286 1515
1663 1462
1434 1685
844 987
1947 109
1832 156
1048 1323
89 450
907 1177
1157 372
737 533
1123 1083
878 1527
1716 545
840 1646
84 1081
1936 431
51 1043
1641 1493
1556 1329
544 1361
1606 503
1736 571
1550 1529
1320 206
512 992
1940 92
1522 2000
774 1586
1146 411
787 292
1376 61
1959 770
1575 538
816 1183
1012 1992
1106 1101
838 1077
1330 88
1380 1913
480 1261
177 59
2015 926
583 735
158 1284
948 477
902 1260
1034 1013
331 1039
949 659
241 1169
378 979
826 1620
773 1631
261 561
1357 1433
564 1798
1174 345
557 549
872 1802
1466 374
574 1755
2041 1834
1791 281
594 1609
167 49
727 404
2074 209
1467 1514
1985 1132
1015 1425
185 1223
2075 43
1967 446
1257 1188
845 1274
570 1795
1822 1939
448 1055
1010 1525
978 2002
53 220
1289 1979
1836 920
1313 613
1517 55
1367 1121
1725 28
1053 1982
2079 758
2080 1983
504 1182
507 1351
1876 1652
716 815
212 509
324 2022
1823 1619
217 270
1510 325
1478 80
742 87
344 1301
795 1804
1869 410
751 2072
1789 1353
977 1727
370 567
1710 494
615 1227
1746 1763
2028 230
1270 914
887 1632
799 646
1536 1390
284 249
1234 2007
619 191
454 1888
218 148
547 184
1516 1667
933 930
1279 796
952 1907
1431 1840
264 870
1825 1561
1498 1964
1065 1292
719 1090
1029 1928
1168 1644
83 1839
5 516
1262 1480
146 1558
738 1375
651 650
666 308
1181 697
724 1724
861 592
423 490
900 875
461 1694
228 1828
1774 831
67 1344
1754 1162
968 181
1372 1794
1555 187
1911 135
693 430
391 2062
8 1061
250 1419
1035 2026
1894 1749
255 917
497 974
1219 889
1548 685
226 223
2063 419
1878 1628
1573 2050
390 224
2070 476
1110 1532
38 744
1414 1778
371 415
2013 725
860 1868
1956 657
154 196
19 855
1238 1487
1980 756
1495 1653
781 1091
862 1783
1639 1580
329 1225
718 1988
470 913
1481 1768
1650 416
2004 98
1387 554
1383 199
938 707
552 714
1997 1164
1951 422
1880 1406
381 1568
1422 39
1486 17
608 2016
1042 353
637 403
1273 394
1541 905
1206 2061
113 890
1472 440
1027 1864
546 1816
578 1316
312 14
1787 1075
639 1089
1740 813
1051 1814
1118 857
991 1520
498 219
1616 1172
1432 1948
778 1403
2003 1011
1473 1671
1104 245
143 74
703 1374
1217 924
40 124
402 1189
1451 1630
1590 923
573 1000
1173 1748
2077 1155
336 435
1852 242
488 1905
2027 1105
881 1165
1240 883
211 1142
927 502
947 304
1455 1887
1119 1283
1144 1621
1681 127
1658 1031
677 1702
2054 1719
1957 961
715 1524
995 1250
290 807
1339 1601
916 161
749 1358
1961 386
1215 1944
863 321
884 1659
1701 1483
1559 1552
1365 1925
79 1497
1661 1915
662 759
293 762
803 1408
586 1731
886 834
93 1900
1243 442
526 112
221 1244
530 616
428 1636
811 294
522 2076
163 1499
1148 1991
1738 1006
1226 2037
1543 1166
145 1666
1744 1147
1485 1714
710 1078
1113 587
675 1676
1884 865
768 869
1623 313
1125 62
134 349
836 267
793 726
827 2064
1821 1066
16 192
511 854
903 276
867 2033
981 1393
1612 1269
986 935
1337 1605
1506 359
1409 1762
1734 537
622 757
1633 1896
1130 1500
1562 307
997 1037
699 280
582 944
1860 1381
1352 1844
691 825
1242 572
621 111
779 1135
166 1968
1079 817
1637 550
1319 1742
1969 555
Ne
714
2390 962
156 117
2818 489
399 2176
146 1770
94 2489
2477 1174
2200 930
1103 60
2054 1854
1223 2527
2355 2036
1201 1366
2349 1970
2795 39
1584 2676
680 2142
2524 2409
219 2767
227 1513
651 2490
524 907
2321 1678
934 1482
2810 123
1230 1129
2005 569
630 1836
2620 90
2698 2061
2531 931
923 873
242 451
2185 2566
1266 1547
1739 2153
222 2343
1232 2157
2337 1117
1530 2285
1057 1517
854 1193
1565 2086
841 2148
2463 1771
513 2364
906 2081
1178 126
932 2341
1503 407
1122 1638
2577 1931
1658 38
2342 401
2467 2422
1152 101
2585 2657
2615 1355
1913 2396
2716 661
286 210
649 2279
1441 114
2536 1747
261 2817
1249 1764
2325 1618
1830 1971
2391 1596
2421 255
2727 432
588 78
947 2452
1846 1190
177 977
2270 914
2685 318
2604 1578
897 2317
1306 140
332 370
2454 92
1039 262
1589 690
1071 270
2789 943
769 648
1608 2838
2152 970
2740 1949
2824 539
1378 2099
939 1818
1767 1033
1123 1075
2726 1727
421 1625
618 1809
2226 293
2400 2333
1812 2460
505 1827
2388 2658
2044 987
602 327
1791 43
2028 2520
2661 658
2554 2729
1808 23
1668 1218
2334 1367
1115 2258
1796 2096
2837 82
506 1749
485 1182
2814 37
1035 133
87 1364
1112 2634
2173 1740
1557 2439
1279 1559
534 2101
2019 1742
426 2551
1651 2631
2582 2306
1646 536
1604 1200
1012 752
2860 2600
2639 1311
1483 603
1919 759
1912 2228
1528 277
1980 814
1883 1600
1538 52
2670 1420
550 1750
2399 2354
2688 1340
1466 918
1265 722
709 1395
2240 2627
2144 2682
2854 450
324 1285
785 218
2166 2542
6 1906
1813 1326
1300 770
1406 1484
202 76
93 172
1315 1548
86 2324
2518 1816
703 1328
2075 905
2203 607
1341 1149
408 150
2690 281
405 2365
761 2705
696 1769
2171 2175
346 895
1867 455
1269 2539
707 10
1157 2198
1855 2855
312 415
1368 1801
1180 1630
2674 578
2611 180
1037 1534
2730 1454
660 1276
2151 1128
13 991
1473 2108
1424 1342
124 2464
2704 2206
187 494
2702 1973
2513 1198
1757 282
2037 2842
5 720
465 2266
1028 1408
2052 2532
725 1184
1258 1244
546 819
1468 1902
2167 1857
724 877
2387 2238
2469 1938
458 1959
2229 2530
2353 2145
1552 1029
230 158
1319 2488
858 737
2465 1626
626 1250
946 1389
1798 2122
764 525
1531 514
2523 1588
1955 705
849 540
1412 2058
826 2621
1467 1257
1011 1894
2404 990
598 1310
176 778
1327 371
2303 1743
2190 908
2823 1062
1133 2696
1644 2613
1934 2115
675 460
640 793
97 755
2662 983
2546 1762
417 1008
2749 490
1126 2851
321 1712
1616 2453
0 845
80 1560
2668 961
1501 2437
1657 369
1017 1969
463 867
1166 2276
2264 2846
1835 2736
49 2771
1018 1634
1175 2820
681 447
1509 960
1471 2286
2111 1903
2427 430
2433 1264
1544 1379
1930 2659
16 2141
217 89
955 1948
1879 253
890 600
1191 1683
810 1562
1256 2129
1247 689
805 2338
2803 1648
1655 2310
956 1831
2431 339
143 2435
2538 572
2305 2652
510 311
2351 837
1107 55
1962 1577
2778 749
971 2017
2516 2510
1881 697
488 2632
2570 2473
1268 1753
2247 467
1227 2692
2362 357
1645 1735
257 800
99 2601
545 2752
2472 2675
1469 959
2424 70
870 2589
2847 887
1096 566
396 41
2799 267
1671 1481
917 1229
708 2479
692 2529
670 491
2597 2724
796 727
1693 576
1628 2183
936 683
1792 1928
2123 1502
1985 2745
1489 2708
641 942
251 1977
1597 334
2756 2234
1132 2147
2556 1946
499 1787
2231 302
1428 1068
1343 659
1571 2125
1649 950
2060 2772
244 2016
1296 627
848 2113
2219 235
1505 292
1647 1361
1087 2540
609 1570
1718 1520
356 654
2618 2031
2361 345
337 79
2834 2189
1003 2413
1436 2515
2825 1884
2067 173
48 1774
1316 1732
1384 2194
25 1516
201 2139
2385 1574
2314 2047
162 786
2765 1661
418 1613
394 2857
484 1972
981 2563
1136 1499
1650 57
387 2402
301 922
2721 750
2284 1433
1065 109
1566 2095
1396 2722
473 731
963 1692
1714 1725
2461 336
1921 2512
1820 1446
2815 1687
1019 2783
368 384
2210 2243
1751 782
1850 58
19 2425
2679 2359
733 2290
1494 1461
1167 1324
442 350
2444 2483
1036 299
2138 2217
1337 610
2412 1346
812 128
468 2118
136 899
2777 1295
1146 2526
1522 631
96 2013
1699 1716
1476 2109
2614 361
2214 7
220 1416
1592 817
298 1784
1947 1669
2608 2268
21 2859
617 2313
1956 335
1339 1002
1633 605
2693 482
2328 1893
516 517
249 2428
433 716
412 252
456 1023
2737 454
1273 1070
965 1226
294 2255
1819 2785
2155 2084
1141 2092
1322 1554
2456 2094
1861 2672
1453 475
529 1053
559 1681
2119 768
2027 2555
1 586
2076 1512
1083 189
1042 2703
1255 1892
2377 1251
2020 865
1137 170
2326 2471
2259 1456
2500 2312
331 2480
1533 2528
2450 2218
215 1495
75 273
2049 487
300 847
1338 1575
410 372
1072 694
1958 2281
677 2014
1710 363
107 911
1590 233
1951 1026
376 1195
1139 14
894 1086
1373 1031
493 1491
1877 2607
1063 2007
606 1394
2127 1763
2697 2204
478 577
1939 1305
2248 2640
2352 823
2809 2112
477 2807
1815 1779
1532 717
1458 1868
591 1210
1897 2819
2340 1945
121 2766
1755 1104
836 1333
758 2291
1317 168
2701 979
1194 190
1773 395
1475 542
964 1708
2764 954
835 2057
159 1564
1653 325
555 275
1470 2605
2370 944
1403 322
2700 859
1153 2269
713 1656
1335 1546
921 1498
2026 2398
1828 1677
1563 47
1860 77
1121 1282
139 1238
1858 1188
941 1334
2298 644
53 1236
798 40
789 2221
269 1073
635 2712
497 776
2116 1291
2146 211
2366 1889
1871 925
996 1387
444 2579
1434 896
1239 1094
565 1721
1252 2686
15 1635
2779 85
2519 580
2271 431
1768 1622
459 674
1838 2372
1478 184
1487 194
2010 612
393 1937
2650 642
1632 462
2023 2253
2104 699
67 2754
338 1474
1772 1292
992 2418
2419 1685
549 373
2380 1147
1723 1055
2062 2723
2788 571
179 1418
824 56
1829 533
1020 657
182 2562
1127 1197
519 2470
439 1990
246 471
1682 1207
548 1209
2329 2545
1936 695
2653 1451
2441 2374
719 2227
2775 2792
1168 1606
343 664
2625 2158
175 2502
2316 2195
1351 1479
1422 676
1413 2588
2188 1786
2078 551
127 2003
503 1480
2261 1675
2073 1155
1270 777
2191 112
1923 88
1673 1181
2683 2161
174 702
2103 2001
2315 1869
2768 352
2265 2209
2564 1636
1697 2501
347 2079
1709 1060
2401 2051
821 1161
726 537
2858 1525
1350 1726
2714 2549
2114 149
1992 2547
746 855
1228 1898
1500 1206
557 1585
2131 562
1293 2257
2649 248
984 2032
1917 2695
1521 192
1844 748
12 1162
1667 45
2090 531
2132 2180
1267 411
1221 2840
314 232
2432 2346
1967 1672
1748 2739
2758 2181
902 1220
874 2006
2503 1240
993 2383
385 2327
1950 157
1713 120
637 869
1863 63
72 2442
2751 1320
2250 288
307 1294
1120 1067
1664 209
2202 2160
2622 2445
2832 1390
2237 1336
333 583
1290 1052
1873 229
1746 2623
2812 2
599 2505
2750 1493
342 2208
1393 1261
95 386
193 1896
1312 2475
33 297
2283 1674
1000 1631
1109 975
809 2534
2245 818
1629 2633
740 753
1185 1318
2162 1515
496 2018
2117 585
886 131
205 757
1524 2550
1323 1976
2126 2130
502 178
1911 239
291 2793
792 403
1731 700
2811 69
1449 1203
2552 952
1358 2172
1540 2522
1016 2594
247 1914
1431 893
582 1663
2356 621
197 1542
629 885
538 479
1414 2856
815 1304
188 1488
916 24
Ne
582
621 801
154 1884
1000 1989
2226 265
1538 1365
735 1319
1904 46
2266 1910
77 29
582 2288
610 138
1739 1233
1137 1640
1929 1080
1708 738
80 2081
1915 671
1818 718
1231 156
884 35
2314 656
210 1790
2072 342
1867 62
2143 2035
1971 1464
359 139
58 2100
760 1302
2246 2001
624 1261
1642 1932
2284 2224
269 352
662 1035
2031 2326
1007 391
1295 2204
469 547
326 2334
1041 1543
2058 1784
133 334
1272 751
818 1392
1167 1488
783 2290
1967 33
340 1019
844 992
178 231
1240 488
726 1605
376 228
1126 338
1031 1306
1166 995
883 1076
73 1441
1752 663
851 264
1806 1175
1376 2016
192 1907
1809 686
1394 1015
1092 842
776 223
631 1988
1821 1236
723 1567
167 979
1353 1140
1684 1993
1926 1835
1710 1472
446 1121
371 680
38 2227
2123 1848
43 2296
16 1426
1156 1452
846 1332
283 773
1888 384
1807 310
1429 1192
993 1145
1335 1062
2012 1947
1152 1792
1693 168
1565 2055
318 580
569 2274
2077 1038
1356 559
988 132
793 1597
2110 309
1100 2004
1037 1012
943 1510
82 1460
1774 1725
489 719
1040 2063
93 1711
316 1588
1161 1416
1948 1949
832 1251
75 2257
1766 2151
863 1099
1298 910
2140 2002
2156 2298
1430 1508
118 2019
1678 2341
1955 1602
476 1413
494 336
1226 240
96 1184
1634 2329
704 1855
1930 1151
2330 382
1428 802
1840 643
1022 868
363 647
1660 591
708 1832
1437 1576
1439 1566
652 1089
398 798
1546 1163
1767 566
2323 1433
475 1562
672 244
153 176
2278 335
415 297
1370 661
1957 1445
2192 2245
1927 1239
112 691
934 1053
1380 850
858 1176
463 1952
2133 936
71 1803
2303 724
4 416
878 1864
289 2089
1536 220
130 2285
328 1296
1465 940
22 1333
1183 2311
804 251
964 941
613 546
531 1665
616 140
1021 603
563 567
214 1599
1059 1473
313 150
710 1421
1691 1118
1027 2045
406 2149
2234 1205
2087 1060
1222 339
305 1388
2158 2170
745 2184
84 1501
250 873
1531 620
1878 2248
219 571
438 1901
770 809
1278 464
24 444
267 1773
1669 1542
260 998
3 2320
1613 25
2269 1743
1617 1170
1484 1303
1604 1581
611 2129
1960 1668
1871 2104
629 455
1150 1061
343 999
285 2171
1411 2177
2276 88
1023 1268
2027 633
465 790
1823 1524
1246 674
1793 256
1589 697
1249 2218
1502 1987
360 1709
1162 1939
553 2148
296 825
823 423
1458 1467
2187 2026
1313 1514
1707 453
1706 869
854 956
1174 1740
105 1143
983 64
2336 929
1351 1349
1794 581
577 782
876 824
1549 1476
2159 984
247 61
2196 1839
1713 1310
589 1609
1558 1299
1144 2048
1102 1869
41 744
2126 1796
321 1361
1377 1371
833 173
2053 1155
1781 841
2111 498
641 1496
2130 2322
1495 1876
385 2107
1250 144
754 2097
1244 1265
1206 1569
2078 829
1785 595
502 1489
2222 1532
709 551
1409 1804
28 104
2018 1520
1834 2062
926 1286
1103 2305
2033 306
127 853
2189 702
922 1608
1956 1819
1643 1181
218 1211
607 1282
117 944
1480 1628
217 694
1276 1185
885 515
2220 68
421 1253
1729 1316
487 747
2136 1776
1800 1849
981 2056
1754 518
544 1521
1328 989
1343 1064
560 13
1831 1203
294 419
2250 1494
365 2182
1559 1291
2265 860
485 2304
932 716
1086 1535
985 362
1123 1359
545 45
136 1629
1511 2299
1122 1975
1146 1443
1235 437
921 47
404 572
2215 1940
1903 626
1812 137
2098 2209
477 350
1757 1822
1262 113
2310 1933
1877 236
14 373
1442 601
1438 2237
2094 481
765 299
1561 2043
542 2008
679 781
2059 583
769 2088
1594 1471
1697 1575
349 1720
1596 1055
271 1656
1702 353
1798 896
2289 303
36 2243
811 8
472 916
732 646
241 1906
2044 189
848 1165
892 736
1814 1872
293 2230
961 2068
808 669
1490 630
1001 1557
1112 143
1631 1241
973 1003
1312 368
2099 1197
125 1347
715 163
1425 454
486 1845
10 1770
300 1674
2231 1882
5 2307
2185 997
314 1990
291 2102
1204 2332
537 135
1373 152
879 1063
1886 2211
516 356
1598 521
880 618
958 1357
1738 1900
480 658
1398 2060
1043 123
2255 2168
1635 319
1481 190
1724 2135
870 183
501 1171
2147 2333
1245 1827
2054 900
157 996
389 422
1440 357
1039 1289
1456 1899
1057 2206
1400 1202
436 1011
495 558
1675 185
2073 467
471 1769
2286 1670
894 44
1180 554
491 2025
1908 1616
1326 1067
939 530
1190 51
1921 2262
1717 395
1173 1791
354 224
2049 2162
2252 1718
668 2223
386 304
1016 746
2112 414
2282 1974
1095 1138
499 1999
1506 1129
1230 408
1418 952
1866 1277
1623 2210
522 1985
1213 20
1977 2091
1087 2173
403 2007
942 430
768 881
1591 155
1529 795
1497 959
1214 812
245 899
1271 72
1141 212
1775 1355
230 1158
1237 1493
1148 1687
2244 1853
95 141
126 2113
2 725
196 902
374 684
2153 1523
15 1951
737 636
2340 1698
2240 1482
1749 1980
2075 2144
1345 2216
1540 1875
1078 292
249 2116
2161 1219
1331 1761
2312 1046
874 1088
1492 1128
937 2067
1943 381
774 890
1850 1030
1070 332
1160 2317
2138 1742
253 689
1105 605
682 1517
216 331
1808 1765
1293 198
1962 429
1647 2191
1479 1072
7 1499
158 17
1994 1759
110 822
1763 2069
1098 1892
288 615
532 473
1386 739
1117 1216
786 2127
2201 1857
2061 617
1973 1889
1329 1744
1407 182
327 1084
2277 177
1570 947
2134 18
912 1207
1568 2020
1954 1367
1387 1856
1403 836
1978 525
193 514
2021 1928
1172 40
2194 1563
1083 1159
794 315
1728 1824
1252 2065
552 1891
780 2264
60 1677
803 797
889 2175
2270 2217
517 2003
108 462
2306 1637
1992 1611
1024 2338
258 1164
1937 1963
1017 160
1410 2079
159 1995
442 1065
1805 1981
270 492
625 1036
659 232
425 840
1006 1732
452 1976
2071 397
1374 1941
57 1168
1909 1154
1503 907
960 1828
347 1257
364 799
1363 1636
399 901
280 1911
2006 2180
431 974
1862 1470
1548 1513
74 755
814 510
2101 2086
1317 891
1958 766
1275 31
741 1600
213 351
207 965
2032 508
1859 261
